2.310298	19.441668	2.318040	18.850000
2.415779	9.863334	2.428100	9.580000
2.173418	27.836666	2.179681	27.870001
2.474195	9.130000	2.483580	9.070000
1.898741	34.383335	1.901017	33.970001
1.675073	48.470001	1.674260	48.360001
1.463315	60.110001	1.460456	60.049999
1.313997	57.793335	1.308013	58.540001
1.169755	63.226665	1.161579	64.089996
1.162245	56.873333	1.157577	57.090000
0.928128	70.576668	0.916351	70.339996
0.874768	68.449997	0.863507	68.510002
0.811397	69.751663	0.802413	69.400002
0.741218	75.660004	0.725567	76.139999
0.717475	75.976669	0.707025	76.529999
0.645587	79.958336	0.634871	80.489998
0.597440	82.921669	0.582884	83.250000
0.624800	78.438332	0.610364	78.989998
0.553241	81.753334	0.538989	82.430000
0.501885	84.129997	0.489701	84.570000
0.590396	80.816666	0.579014	81.519997
0.559689	82.706665	0.545431	83.010002
0.473659	86.356667	0.459285	86.790001
0.426173	87.556664	0.411188	88.089996
0.550715	80.029999	0.532828	80.110001
0.395017	89.446663	0.381555	89.709999
0.428976	86.343330	0.412326	86.930000
0.467107	84.298332	0.451322	84.320000
0.456055	85.546669	0.440509	85.830002
0.413971	86.764999	0.404384	86.919998
0.414309	86.121666	0.403454	86.279999
0.360024	89.500000	0.347911	89.849998
0.399117	85.391670	0.390499	85.410004
0.405256	86.004997	0.393977	86.019997
0.343338	90.275002	0.328000	90.660004
0.337749	89.385002	0.323456	89.849998
0.412969	85.839996	0.396619	86.080002
0.367638	87.584999	0.354564	87.669998
0.335196	88.418335	0.321608	88.570000
0.429899	85.360001	0.418855	85.510002
0.380049	87.706665	0.361067	88.330002
0.300830	91.205002	0.285663	91.720001
0.298223	91.321663	0.282635	91.779999
0.347288	89.514999	0.334175	89.550003
0.307042	90.918335	0.294533	91.160004
0.307198	91.078331	0.291831	91.419998
0.301881	90.966667	0.287293	91.680000
0.292627	91.334999	0.279543	91.889999
0.252259	92.508331	0.237453	92.870003
0.269479	91.413330	0.254356	91.669998
0.245617	92.928337	0.233976	93.410004
0.235206	93.286667	0.222802	93.599998
0.282739	91.214996	0.268209	91.660004
0.322044	89.080002	0.305995	89.459999
0.261481	91.591667	0.248244	91.889999
0.223264	93.675003	0.210161	93.959999
0.261302	91.963333	0.246479	92.400002
0.223847	93.533333	0.209797	93.849998
0.221768	93.410004	0.211390	93.500000
0.226183	93.258331	0.215064	93.470001
0.225358	93.345001	0.212691	93.739998
0.229735	93.001663	0.218685	93.230003
0.208312	93.828331	0.195327	94.029999
0.245982	91.754997	0.233280	92.120003
0.219296	93.669998	0.208980	93.860001
0.220718	93.311668	0.207398	93.660004
0.209783	93.713333	0.196798	94.139999
0.223453	93.096664	0.211897	93.389999
0.236616	92.493332	0.224696	92.949997
0.220201	93.459999	0.208032	93.529999
0.184427	94.403336	0.169667	94.800003
0.192212	94.068336	0.176744	94.540001
0.207549	93.616669	0.198112	93.949997
0.227076	92.834999	0.215015	93.099998
0.207466	93.828331	0.196600	94.029999
0.212047	93.306664	0.199361	93.739998
0.212425	93.508331	0.201694	93.970001
0.198555	93.949997	0.185189	94.239998
0.193425	94.056664	0.180542	94.410004
0.253723	90.841667	0.243266	90.750000
0.184190	94.321663	0.172248	94.480003
0.205174	93.471664	0.197881	93.500000
0.182750	94.389999	0.171331	94.639999
0.196722	93.753334	0.189073	94.029999
0.181021	94.503334	0.173071	94.709999
0.182018	94.631668	0.173021	94.870003
0.172280	94.809998	0.163088	94.930000
0.173244	94.628334	0.163020	94.910004
0.181137	94.468330	0.171799	94.870003
0.169707	94.654999	0.160074	94.870003
0.172196	94.856667	0.163019	94.879997
0.168928	94.813332	0.160354	95.000000
0.161420	95.101669	0.152296	95.269997
0.163518	95.080002	0.155880	95.279999
0.178748	94.333336	0.170410	94.540001
0.174827	94.483330	0.166301	94.620003
0.197358	93.906670	0.189593	94.010002
0.206475	93.403336	0.196457	93.580002
0.148576	95.458336	0.137523	95.779999
0.170571	94.735001	0.159603	94.930000
0.247998	92.099998	0.223939	92.750000
0.163995	94.878334	0.150630	95.239998
0.188714	94.211670	0.177054	94.379997
0.172692	94.714996	0.160343	94.959999
0.195762	93.885002	0.182527	94.209999
0.166011	94.573334	0.152864	94.949997
0.149727	95.434998	0.138889	95.570000
0.138307	95.754997	0.128293	95.970001
0.157543	95.113335	0.143725	95.430000
0.135595	95.945000	0.125890	96.250000
0.154345	95.070000	0.148825	95.070000
0.151750	95.296669	0.143531	95.629997
0.159262	95.158333	0.154742	95.370003
0.153279	95.114998	0.143307	95.349998
0.194399	93.800003	0.183278	93.800003
0.164391	94.761665	0.155974	94.870003
0.144624	95.481667	0.134960	95.669998
0.158149	95.001663	0.150051	95.129997
0.201695	93.208336	0.190174	93.110001
0.157589	94.843330	0.149741	95.019997
0.139328	95.678337	0.130368	96.120003
0.135499	95.821663	0.126109	96.150002
0.148526	95.471664	0.137987	95.779999
0.136977	95.790001	0.130569	96.129997
0.148347	94.989998	0.140835	95.150002
0.136885	95.800003	0.128168	95.989998
0.154910	94.748337	0.146115	94.889999
0.152208	95.086670	0.144193	95.349998
0.130586	95.980003	0.124451	96.089996
0.132463	95.989998	0.126073	96.150002
0.144325	95.544998	0.137335	95.650002
0.146757	95.415001	0.139761	95.580002
0.141091	95.434998	0.134758	95.669998
0.146077	95.309998	0.140072	95.540001
0.150473	95.014999	0.141319	95.260002
0.158574	94.651665	0.149204	95.029999
0.137819	95.503334	0.128694	95.779999
0.138603	95.568336	0.131634	95.559998
0.145782	95.404999	0.136842	95.709999
0.157527	94.883331	0.148470	95.129997
0.141828	95.519997	0.131723	95.739998
0.131774	95.793335	0.124819	95.940002
0.146630	95.268333	0.139646	95.489998
0.149929	95.323334	0.143654	95.510002
0.138402	95.708336	0.132797	95.769997
0.138542	95.591667	0.133900	95.669998
0.128808	95.940002	0.125395	96.080002
0.129483	95.971664	0.124136	96.120003
0.149430	95.256668	0.143247	95.459999
0.142146	95.495003	0.135069	95.680000
0.127149	95.986664	0.119334	96.120003
0.115167	96.343330	0.111526	96.400002
0.118745	96.131668	0.114645	96.260002
0.115623	96.381668	0.112178	96.379997
0.114038	96.376663	0.109328	96.500000
0.110931	96.563332	0.105021	96.629997
0.118672	96.186668	0.112864	96.220001
0.109626	96.386665	0.105260	96.589996
0.125720	96.120003	0.116428	96.209999
0.114351	96.433334	0.107685	96.599998
0.107821	96.650002	0.100224	96.800003
0.112330	96.258331	0.108731	96.230003
0.108840	96.519997	0.101316	96.599998
0.103731	96.706665	0.098246	96.720001
0.114757	96.331665	0.108453	96.480003
0.116592	96.316666	0.109009	96.470001
0.110013	96.504997	0.104128	96.519997
0.104013	96.705002	0.101154	96.790001
0.125899	96.006668	0.127736	96.050003
0.110877	96.536667	0.107221	96.580002
0.124545	96.141670	0.121649	96.199997
0.119113	96.321663	0.114942	96.470001
0.102698	96.760002	0.096948	96.889999
0.109647	96.498337	0.105481	96.669998
0.110771	96.425003	0.107323	96.449997
0.106373	96.611664	0.103878	96.589996
0.118596	96.203331	0.118265	96.150002
0.107645	96.616669	0.104930	96.620003
0.097219	96.834999	0.094395	96.910004
0.129399	95.583336	0.126413	95.809998
0.101258	96.785004	0.097678	96.889999
0.100002	96.751663	0.097035	96.839996
0.107547	96.556664	0.102894	96.720001
0.111289	96.348335	0.106002	96.279999
0.116876	96.311668	0.111871	96.379997
0.133199	95.728333	0.127147	95.830002
0.126141	95.669998	0.123517	95.639999
0.097928	96.773331	0.095204	96.839996
0.095106	96.956665	0.090332	97.059998
0.103579	96.656670	0.098455	96.959999
0.111729	96.285004	0.107946	96.339996
0.115532	96.263336	0.110741	96.349998
0.127396	95.571663	0.124025	95.669998
0.115701	96.088333	0.113268	96.169998
0.115097	96.148331	0.112058	96.239998
0.115907	96.096664	0.113326	96.180000
0.118076	96.074997	0.114812	96.099998
0.115317	96.211670	0.116052	96.139999
0.106954	96.540001	0.105062	96.529999
0.104190	96.571663	0.105564	96.500000
