2.386137	10.218333	2.390550	10.100000
2.349881	10.218333	2.354327	10.100000
2.355746	14.485000	2.361538	13.730000
2.201553	22.888334	2.204906	23.530001
2.005476	32.953335	2.000123	33.320000
1.900568	31.933332	1.887861	33.130001
1.613187	59.645000	1.602419	60.509998
1.542967	51.584999	1.529076	52.580002
1.309098	65.708336	1.298379	66.220001
1.139454	68.223335	1.125876	68.849998
1.055952	70.449997	1.044700	70.800003
0.975049	70.221664	0.960244	70.720001
0.940961	68.699997	0.923286	69.099998
0.811947	76.559998	0.797242	77.040001
0.739296	76.998337	0.728884	77.510002
0.694754	79.951668	0.682520	80.709999
0.716431	75.879997	0.709326	76.230003
0.648571	81.336670	0.632857	82.220001
0.621837	79.501663	0.611323	80.080002
0.598457	82.971664	0.580546	83.989998
0.583696	79.440002	0.571185	80.370003
0.553488	82.279999	0.531592	83.269997
0.540530	82.688332	0.526606	83.209999
0.503843	86.393333	0.483152	87.510002
0.537435	81.324997	0.525121	82.010002
0.473282	85.401665	0.456257	85.910004
0.481639	85.653336	0.465156	86.389999
0.479709	85.445000	0.461484	86.160004
0.482930	85.486664	0.470101	86.040001
0.486416	84.974998	0.467015	85.589996
0.417719	88.063332	0.399290	88.699997
0.415968	87.871666	0.401712	88.519997
0.402874	88.260002	0.386245	88.760002
0.383827	89.146667	0.369895	89.820000
0.404803	87.813332	0.388029	88.559998
0.405457	88.513336	0.391417	89.129997
0.408890	87.379997	0.393775	88.160004
0.382530	88.906670	0.365258	89.739998
0.389713	88.654999	0.376000	89.120003
0.392131	88.576668	0.378072	89.269997
0.358570	88.550003	0.344250	88.980003
0.343869	90.158333	0.325341	90.910004
0.320820	90.955002	0.307914	91.559998
0.348962	90.209999	0.335728	90.839996
0.324281	90.449997	0.310571	90.970001
0.324085	90.673332	0.310042	91.220001
0.308281	90.883331	0.295544	91.580002
0.298602	91.283333	0.284992	91.970001
0.330434	89.401665	0.317572	89.980003
0.306768	90.779999	0.293979	91.190002
0.325258	89.474998	0.310059	90.190002
0.280151	91.904999	0.267758	92.459999
0.309294	90.596664	0.295184	91.349998
0.284079	91.614998	0.272081	92.129997
0.279240	91.968330	0.264274	92.400002
0.266978	92.106667	0.252766	92.669998
0.283995	91.083336	0.269157	91.709999
0.243039	93.128334	0.231889	93.510002
0.257077	92.355003	0.245788	92.760002
0.244303	93.038330	0.234207	93.410004
0.247016	92.571663	0.235721	92.919998
0.239524	92.668335	0.229737	92.910004
0.234505	93.041664	0.223907	93.250000
0.254116	92.041664	0.238625	92.330002
0.243810	92.565002	0.232544	92.959999
0.248290	92.099998	0.238988	92.050003
0.225545	93.305000	0.212149	93.779999
0.221556	93.326668	0.209388	93.779999
0.209139	93.901665	0.200334	93.930000
0.223476	93.268333	0.213365	93.449997
0.224254	93.218330	0.216537	93.449997
0.208814	93.665001	0.199222	93.779999
0.207607	93.589996	0.199112	93.970001
0.213902	93.426666	0.203686	93.900002
0.204808	93.926666	0.193817	94.220001
0.205879	93.711670	0.197048	93.970001
0.199335	93.968330	0.190848	94.029999
0.191494	94.300003	0.184668	94.290001
0.196332	94.071663	0.186565	94.379997
0.191542	94.208336	0.181164	94.580002
0.184167	94.425003	0.172592	94.790001
0.194160	93.948334	0.182280	94.320000
0.178343	94.556664	0.168447	94.660004
0.190614	94.038330	0.179774	94.269997
0.178219	94.586670	0.169396	94.800003
0.170313	94.798332	0.161358	95.029999
0.176024	94.751663	0.167448	94.750000
0.172857	94.908333	0.162983	95.129997
0.188091	94.389999	0.176446	94.669998
0.178038	94.721664	0.166186	94.919998
0.173128	94.864998	0.160924	95.019997
0.172513	94.705002	0.162853	94.919998
0.167969	94.988335	0.158974	95.250000
0.165944	94.930000	0.155049	95.089996
0.161353	95.044998	0.152195	95.220001
0.159662	95.148331	0.148623	95.400002
0.155115	95.323334	0.148351	95.470001
0.159379	95.068336	0.149416	95.370003
0.155531	95.276665	0.146422	95.639999
0.154621	95.318336	0.146173	95.489998
0.151469	95.389999	0.142649	95.699997
0.154341	95.303337	0.143839	95.599998
0.168161	94.951668	0.156629	95.139999
0.162811	94.893333	0.152734	95.250000
0.163108	94.963333	0.152908	95.199997
0.147782	95.453331	0.139646	95.750000
0.145727	95.521667	0.137963	95.629997
0.150907	95.283333	0.143078	95.349998
0.147738	95.379997	0.139095	95.580002
0.146596	95.646667	0.138638	95.690002
0.139109	95.701668	0.131586	95.849998
0.169964	94.713333	0.162701	94.839996
0.153080	95.308334	0.143635	95.739998
0.145574	95.514999	0.136093	95.870003
0.143376	95.608330	0.135001	95.879997
0.147328	95.478333	0.140573	95.570000
0.149462	95.473335	0.142233	95.599998
0.139453	95.756668	0.130674	95.980003
0.142049	95.621666	0.133744	95.750000
0.146867	95.408333	0.136620	95.620003
0.130292	95.940002	0.122811	96.169998
0.128693	95.933334	0.120688	96.150002
0.138491	95.668335	0.130660	95.750000
0.142261	95.371666	0.135870	95.430000
0.126780	96.056664	0.121125	96.279999
0.133619	95.798332	0.126327	96.099998
0.144594	95.288330	0.133516	95.629997
0.127006	96.046669	0.120239	96.180000
0.128439	96.026665	0.120825	96.209999
0.131610	95.788330	0.124583	95.910004
0.141765	95.433334	0.134074	95.529999
0.129772	95.908333	0.123714	96.080002
0.126346	96.028336	0.121017	96.120003
0.127700	95.980003	0.120965	96.180000
0.122837	96.218330	0.116883	96.290001
0.139930	95.625000	0.131819	95.680000
0.126549	96.106667	0.117441	96.370003
0.134749	95.751663	0.124937	95.910004
0.127984	96.004997	0.119893	96.220001
0.125895	96.038330	0.116753	96.269997
0.119634	96.261665	0.111845	96.550003
0.129553	95.879997	0.121099	95.949997
0.121776	96.126663	0.114843	96.339996
0.129008	95.988335	0.123684	96.070000
0.118996	96.301666	0.111776	96.559998
0.115134	96.448334	0.107217	96.779999
0.132029	95.886665	0.125332	96.029999
0.131999	95.858330	0.125095	96.099998
0.116722	96.328331	0.109789	96.610001
0.112366	96.491669	0.105483	96.690002
0.125318	96.059998	0.117884	96.230003
0.121426	96.239998	0.114545	96.320000
0.113765	96.459999	0.106751	96.660004
0.110470	96.565002	0.101733	96.940002
0.123860	96.141670	0.113555	96.570000
0.111432	96.578331	0.104864	96.849998
0.113886	96.423332	0.105980	96.769997
0.111484	96.519997	0.103489	96.839996
0.108101	96.638336	0.100654	96.839996
0.108095	96.591667	0.101280	96.820000
0.111312	96.495003	0.103770	96.830002
0.109982	96.516670	0.102972	96.709999
0.118716	96.318336	0.111006	96.529999
0.111967	96.483330	0.103642	96.800003
0.116206	96.416664	0.108145	96.660004
0.114440	96.419998	0.107968	96.629997
0.110073	96.580002	0.103725	96.879997
0.111823	96.548332	0.102372	96.949997
0.106684	96.716667	0.097947	97.169998
0.119082	96.275002	0.109357	96.419998
0.112139	96.506668	0.105220	96.709999
0.106195	96.675003	0.098824	96.949997
0.106703	96.648331	0.097695	97.019997
0.103040	96.796669	0.094166	97.250000
0.115230	96.383331	0.105231	96.730003
0.109075	96.625000	0.100008	96.900002
0.103385	96.753334	0.095416	97.050003
0.105377	96.691666	0.096729	96.940002
0.110656	96.571663	0.100488	96.970001
0.105598	96.731667	0.095888	97.000000
0.105620	96.713333	0.098374	96.980003
0.101334	96.878334	0.094878	97.110001
0.112632	96.453331	0.107140	96.650002
0.102475	96.806664	0.096616	96.949997
0.102517	96.833336	0.094040	97.139999
0.109664	96.635002	0.102535	96.760002
0.105670	96.724998	0.099733	96.870003
0.111669	96.541664	0.104699	96.730003
0.105712	96.708336	0.099945	96.889999
0.106562	96.688332	0.100059	96.830002
0.107145	96.641670	0.098298	97.050003
0.097905	96.966667	0.092363	97.120003
0.097799	96.923332	0.091908	97.040001
0.099241	96.910004	0.092355	97.190002
0.099853	96.906670	0.092951	97.160004
0.100959	96.928337	0.095053	97.010002
0.100881	96.870003	0.094709	97.019997
0.099860	96.904999	0.091885	97.180000
0.099014	96.919998	0.093444	96.959999
0.098047	96.989998	0.092084	97.160004
