2.254798	18.838333	2.255477	18.250000
2.174287	32.919998	2.172813	33.080002
2.070558	44.913334	2.066611	44.439999
1.901991	56.959999	1.894473	57.430000
1.706687	50.033333	1.698270	49.110001
1.601467	58.275002	1.591982	57.880001
1.425050	65.691666	1.411031	65.900002
1.270596	64.913330	1.255687	65.050003
1.144533	66.285004	1.132174	66.000000
1.088129	65.331665	1.077160	65.430000
0.980181	70.573334	0.964187	70.940002
0.921944	72.144997	0.902307	72.599998
0.876023	74.088333	0.860699	74.389999
0.804199	77.269997	0.789999	77.309998
0.766768	77.269997	0.751956	77.519997
0.725635	78.676666	0.709648	78.830002
0.657951	81.088333	0.640616	81.489998
0.596544	83.455002	0.577195	84.250000
0.569979	85.133331	0.549627	86.000000
0.567766	85.166664	0.549328	86.169998
0.522969	85.761665	0.503757	86.309998
0.524852	85.519997	0.508261	85.910004
0.511065	85.431664	0.494487	85.419998
0.457985	87.943336	0.439802	88.720001
0.448686	88.303337	0.430073	88.980003
0.421010	88.730003	0.401023	89.529999
0.439860	87.485001	0.421615	88.059998
0.415534	88.703331	0.394666	89.620003
0.412578	88.253334	0.392660	89.029999
0.388215	88.676666	0.370471	89.400002
0.377553	89.058334	0.359831	89.650002
0.370420	89.688332	0.352845	90.360001
0.366146	89.991669	0.348563	90.690002
0.356688	89.800003	0.337969	90.519997
0.328281	90.419998	0.308112	91.180000
0.335922	90.093330	0.316305	90.870003
0.324659	90.394997	0.304446	91.050003
0.325138	90.574997	0.305616	91.070000
0.312482	91.246666	0.292326	91.769997
0.318989	90.458336	0.302760	90.959999
0.298961	91.720001	0.283241	92.080002
0.286818	92.279999	0.269203	92.790001
0.282372	91.968330	0.266032	92.470001
0.281342	92.368332	0.264982	92.750000
0.268619	92.756668	0.250986	93.300003
0.269880	92.683334	0.252783	93.300003
0.263528	92.855003	0.249218	93.339996
0.258356	92.773331	0.245072	93.040001
0.248130	92.951668	0.235764	93.430000
0.245668	93.455002	0.233769	93.580002
0.250395	92.906670	0.237139	93.199997
0.239988	93.533333	0.225777	93.669998
0.234504	93.364998	0.219605	93.690002
0.228414	93.656670	0.215093	94.010002
0.224121	93.730003	0.211894	94.029999
0.220238	93.879997	0.207754	94.250000
0.215674	94.096664	0.202473	94.349998
0.220834	93.889999	0.207683	94.199997
0.216608	93.951668	0.203274	94.339996
0.222958	93.673332	0.210752	94.019997
0.224454	93.495003	0.212540	93.809998
0.225676	93.754997	0.213435	94.059998
0.209145	94.233330	0.198540	94.660004
0.203190	94.394997	0.193927	94.720001
0.199460	94.278336	0.188583	94.730003
0.201434	94.105003	0.191896	94.559998
0.203392	94.311668	0.192630	94.720001
0.192061	94.514999	0.181079	94.870003
0.189910	94.446663	0.178292	94.849998
0.184436	94.578331	0.172994	94.970001
0.184352	94.576668	0.171890	95.160004
0.183151	94.686668	0.172321	95.000000
0.180518	94.748337	0.169482	95.209999
0.180807	94.606667	0.168519	95.010002
0.180150	94.641670	0.168263	94.910004
0.183871	94.586670	0.172894	94.870003
0.180560	94.708336	0.168740	95.010002
0.181091	94.673332	0.169899	95.050003
0.177145	94.766670	0.166623	95.129997
0.167631	95.133331	0.154745	95.629997
0.170981	95.071663	0.159948	95.510002
0.170415	94.968330	0.159255	95.360001
0.164966	95.114998	0.154251	95.550003
0.163985	95.175003	0.151945	95.660004
0.162795	95.245003	0.151071	95.629997
0.171224	95.251663	0.160652	95.620003
0.165159	95.320000	0.155479	95.730003
0.156547	95.556664	0.144156	96.059998
0.159423	95.531670	0.147633	95.959999
0.157019	95.489998	0.145367	95.870003
0.153601	95.391670	0.141711	95.790001
0.148302	95.513336	0.135987	95.989998
0.154617	95.339996	0.142688	95.800003
0.144525	95.636665	0.132830	96.000000
0.152904	95.389999	0.140575	95.669998
0.146886	95.576668	0.134862	95.989998
0.151437	95.513336	0.142282	95.709999
0.148128	95.556664	0.139254	95.839996
0.144435	95.605003	0.134678	96.000000
0.143452	95.669998	0.132917	96.059998
0.148676	95.565002	0.137649	96.050003
0.143695	95.688332	0.131723	96.110001
0.143157	95.566666	0.133508	96.059998
0.139609	95.833336	0.128497	96.269997
0.142433	95.733330	0.132237	96.250000
0.141734	95.876663	0.131155	96.389999
0.146314	95.603333	0.135384	96.050003
0.138107	95.841667	0.127898	96.239998
0.136677	95.934998	0.126450	96.410004
0.136089	95.998337	0.126576	96.500000
0.143743	95.716667	0.132379	96.180000
0.136035	95.971664	0.125619	96.419998
0.138257	95.893333	0.126556	96.290001
0.137465	95.951668	0.124680	96.400002
0.131213	96.063332	0.120094	96.519997
0.131353	96.106667	0.121801	96.360001
0.137229	96.023331	0.127265	96.339996
0.135666	96.128334	0.125186	96.550003
0.129277	96.041664	0.119610	96.489998
0.129206	96.141670	0.118811	96.489998
0.127323	96.203331	0.115552	96.660004
0.137009	96.021667	0.124775	96.400002
0.133510	96.168335	0.123352	96.639999
0.125967	96.250000	0.115884	96.650002
0.131451	96.016670	0.121974	96.449997
0.132654	96.086670	0.122508	96.349998
0.129660	96.073334	0.121157	96.480003
0.123812	96.266670	0.116220	96.580002
0.123621	96.273331	0.115883	96.690002
0.120795	96.258331	0.113359	96.480003
0.119208	96.423332	0.110920	96.760002
0.115717	96.480003	0.107657	96.669998
0.115914	96.485001	0.105912	96.860001
0.116380	96.474998	0.105771	96.809998
0.118695	96.453331	0.107814	96.750000
0.114465	96.483330	0.103416	96.790001
0.115721	96.406670	0.105558	96.860001
0.118969	96.293335	0.109727	96.570000
0.122194	96.306664	0.113126	96.769997
0.121957	96.276665	0.114323	96.669998
0.112261	96.561668	0.105516	96.779999
0.113741	96.583336	0.105472	96.900002
0.109934	96.565002	0.101957	96.830002
0.113273	96.483330	0.105685	96.860001
0.109164	96.605003	0.102204	96.849998
0.109454	96.591667	0.103297	96.690002
0.112979	96.546669	0.106870	96.620003
0.111726	96.621666	0.105543	96.980003
0.108168	96.695000	0.102613	96.930000
0.107017	96.639999	0.101435	96.800003
0.109398	96.611664	0.103124	96.800003
0.107153	96.701668	0.101329	96.970001
0.105023	96.791664	0.098714	97.019997
0.107670	96.681664	0.102503	96.739998
0.109873	96.601669	0.103789	96.639999
0.111354	96.489998	0.107151	96.690002
0.105108	96.738335	0.100059	96.839996
0.108535	96.656670	0.104373	96.690002
0.108213	96.683334	0.103939	96.709999
0.106731	96.805000	0.101071	96.820000
0.106422	96.724998	0.102162	96.750000
0.104916	96.809998	0.099338	96.980003
0.104522	96.828331	0.100086	96.830002
0.107985	96.658333	0.102854	96.949997
0.108495	96.616669	0.103922	96.860001
0.101698	96.793335	0.097090	96.970001
0.103767	96.651665	0.098357	96.830002
0.099328	96.838333	0.093218	97.099998
0.102525	96.733330	0.096968	96.989998
0.102830	96.726669	0.098059	96.930000
0.099673	96.838333	0.095309	97.080002
0.102547	96.666664	0.097343	96.959999
0.101311	96.839996	0.095414	97.139999
0.102126	96.766670	0.096295	97.000000
0.101002	96.808334	0.094722	97.050003
0.102064	96.809998	0.095607	96.970001
0.100477	96.911667	0.095258	97.089996
0.098095	96.864998	0.093204	97.040001
0.096107	96.931664	0.091526	96.989998
0.097174	96.943336	0.093373	97.000000
0.097560	96.970001	0.093324	97.190002
0.095644	96.991669	0.090960	97.220001
0.094674	97.056664	0.088575	97.139999
0.092783	97.063332	0.087439	97.300003
0.095574	97.010002	0.090744	97.220001
0.093442	97.031670	0.089541	97.139999
0.098923	96.879997	0.093909	97.050003
0.100955	96.843330	0.096216	97.059998
0.100843	96.900002	0.094588	97.089996
0.094656	97.068336	0.089568	97.230003
0.098217	96.900002	0.092693	96.980003
0.092907	97.036667	0.088291	97.290001
0.089679	97.205002	0.084590	97.279999
0.091796	97.148331	0.086592	97.370003
0.092161	97.093330	0.087906	97.190002
0.092820	97.063332	0.087946	97.250000
0.092942	97.033333	0.089077	97.190002
0.092699	97.058334	0.088608	97.169998
0.091425	97.098335	0.088232	97.230003
0.088500	97.221664	0.085092	97.339996
0.090496	97.120003	0.086928	97.230003
0.093167	97.095001	0.090333	97.169998
0.090018	97.173332	0.087146	97.150002
0.092910	97.111664	0.089452	97.129997
0.091110	97.129997	0.089450	97.180000
0.090659	97.178337	0.087669	97.300003
0.090937	97.144997	0.088055	97.260002
0.087675	97.223335	0.084312	97.330002
0.088839	97.158333	0.084984	97.250000
0.089881	97.128334	0.085069	97.320000
0.087333	97.241669	0.084708	97.279999
0.087565	97.218330	0.084447	97.320000
0.088473	97.190002	0.084666	97.400002
0.087083	97.211670	0.083393	97.309998
0.086097	97.273331	0.082316	97.349998
0.087269	97.281670	0.084665	97.349998
0.087465	97.300003	0.084691	97.320000
0.086538	97.296669	0.083965	97.239998
0.088070	97.261665	0.084652	97.410004
0.086428	97.283333	0.083618	97.370003
0.086825	97.199997	0.083702	97.300003
0.083845	97.311668	0.081513	97.449997
0.084071	97.313332	0.081566	97.339996
0.085078	97.341667	0.080505	97.510002
0.086744	97.261665	0.082922	97.440002
0.085831	97.291664	0.082115	97.360001
0.088210	97.251663	0.082827	97.459999
0.083910	97.379997	0.078997	97.540001
0.083763	97.366669	0.079387	97.470001
0.083066	97.418335	0.079072	97.440002
0.084171	97.303337	0.080455	97.440002
0.085136	97.353333	0.081581	97.540001
0.085307	97.320000	0.081214	97.440002
0.083632	97.370003	0.080394	97.580002
0.082601	97.411667	0.081148	97.419998
0.083567	97.361664	0.080565	97.379997
0.085453	97.281670	0.080391	97.419998
0.083797	97.285004	0.078632	97.370003
0.084345	97.256668	0.079199	97.370003
0.082633	97.385002	0.077600	97.550003
0.081815	97.411667	0.077756	97.529999
0.082716	97.345001	0.078126	97.489998
0.085414	97.206665	0.079352	97.370003
0.083522	97.285004	0.078455	97.440002
0.084331	97.238335	0.078111	97.370003
0.080678	97.403336	0.076483	97.419998
0.084562	97.296669	0.080227	97.320000
0.087975	97.095001	0.084753	97.129997
0.085047	97.238335	0.081824	97.220001
0.086391	97.165001	0.083380	97.330002
0.089205	97.089996	0.087238	97.169998
0.080559	97.415001	0.078046	97.540001
0.080671	97.426666	0.077786	97.519997
0.081385	97.459999	0.079205	97.470001
0.081337	97.391670	0.078204	97.529999
0.081227	97.403336	0.076907	97.559998
0.082480	97.370003	0.077276	97.540001
0.081745	97.400002	0.077573	97.620003
0.080721	97.385002	0.077555	97.519997
0.079448	97.511665	0.074621	97.690002
0.080615	97.396667	0.076580	97.449997
0.081834	97.389999	0.078615	97.449997
0.082986	97.296669	0.077579	97.500000
0.077861	97.506668	0.073329	97.620003
0.077774	97.555000	0.073442	97.709999
0.078338	97.558334	0.073175	97.680000
0.079417	97.529999	0.074073	97.580002
0.077689	97.553337	0.071895	97.720001
0.076830	97.565002	0.070727	97.639999
0.076218	97.581665	0.070216	97.730003
0.080334	97.433334	0.073323	97.660004
0.080866	97.368332	0.074951	97.389999
0.077578	97.533333	0.071912	97.629997
0.078239	97.501663	0.073357	97.629997
0.077799	97.510002	0.073602	97.650002
0.075569	97.589996	0.071280	97.739998
0.078200	97.519997	0.074467	97.699997
0.078466	97.478333	0.074510	97.650002
0.077509	97.518333	0.075476	97.699997
0.075583	97.613335	0.072946	97.769997
0.076127	97.581665	0.074324	97.739998
0.073543	97.681664	0.071205	97.910004
0.074095	97.623337	0.071096	97.800003
0.076161	97.540001	0.072805	97.739998
0.077123	97.443336	0.073479	97.620003
0.077006	97.529999	0.073892	97.580002
0.078797	97.488335	0.075380	97.540001
0.075351	97.613335	0.071456	97.760002
0.072601	97.695000	0.069433	97.849998
0.074119	97.595001	0.071152	97.559998
0.073033	97.656670	0.069578	97.739998
0.075328	97.525002	0.072674	97.639999
0.077988	97.461670	0.074968	97.459999
0.079038	97.456665	0.076413	97.500000
0.076414	97.485001	0.072045	97.699997
0.074757	97.635002	0.070950	97.790001
0.076102	97.595001	0.072520	97.699997
0.073441	97.666664	0.070695	97.650002
0.072732	97.661667	0.069943	97.720001
0.073307	97.613335	0.069409	97.779999
0.073904	97.598335	0.070558	97.699997
0.072011	97.691666	0.067384	97.879997
0.072562	97.691666	0.068083	97.739998
0.072267	97.663330	0.068779	97.730003
0.071808	97.673332	0.068342	97.800003
0.071727	97.705002	0.067884	97.769997
0.071909	97.631668	0.066426	97.769997
0.071556	97.643333	0.065828	97.900002
0.070145	97.769997	0.064283	97.940002
0.070619	97.786667	0.065909	97.769997
0.074247	97.586670	0.069825	97.790001
0.072583	97.638336	0.068736	97.690002
0.072082	97.718330	0.069139	97.750000
0.071837	97.724998	0.068093	97.820000
0.072138	97.639999	0.067153	97.860001
0.071054	97.739998	0.066709	97.870003
0.075409	97.635002	0.070907	97.809998
0.074871	97.668335	0.071661	97.750000
0.071049	97.741669	0.067560	97.820000
0.069603	97.750000	0.065069	97.849998
0.070797	97.714996	0.065457	97.870003
0.071706	97.745003	0.068003	97.860001
0.073229	97.636665	0.070033	97.669998
0.073587	97.603333	0.070010	97.739998
0.069053	97.773331	0.066021	97.879997
0.069729	97.738335	0.067514	97.919998
0.069153	97.858330	0.065895	98.010002
0.069008	97.775002	0.064106	97.959999
0.069792	97.794998	0.064805	97.980003
0.068371	97.833336	0.062836	98.080002
0.070590	97.716667	0.065992	97.870003
0.072164	97.708336	0.067660	97.930000
0.072155	97.648331	0.068393	97.889999
0.069358	97.743332	0.064290	97.930000
0.069682	97.724998	0.065057	97.870003
0.071327	97.669998	0.067145	97.879997
0.071774	97.653336	0.067295	97.870003
0.072174	97.683334	0.067965	97.870003
0.073606	97.618332	0.071606	97.589996
0.074687	97.546669	0.071200	97.500000
0.077374	97.474998	0.074119	97.540001
0.081690	97.343330	0.077470	97.449997
0.074279	97.555000	0.070457	97.620003
0.074400	97.621666	0.071419	97.660004
0.075296	97.580002	0.072301	97.660004
0.070241	97.723335	0.067586	97.809998
0.071966	97.653336	0.068604	97.709999
0.068756	97.828331	0.066675	97.900002
0.069042	97.791664	0.065700	98.000000
0.068347	97.806664	0.065280	97.910004
0.065988	97.868332	0.062108	98.010002
0.067844	97.811668	0.064365	97.959999
0.070937	97.779999	0.067590	97.820000
0.070366	97.718330	0.066635	97.800003
0.069222	97.776665	0.065693	97.870003
0.067864	97.836670	0.063509	98.029999
0.065972	97.896667	0.062142	97.989998
0.068656	97.745003	0.063871	97.860001
0.066650	97.898331	0.063707	97.910004
0.070935	97.760002	0.066790	97.800003
0.070923	97.791664	0.067448	97.800003
0.071335	97.703331	0.068754	97.699997
0.068890	97.746666	0.067150	97.809998
0.066255	97.885002	0.063710	98.010002
0.069752	97.716667	0.067170	97.830002
0.068104	97.764999	0.065204	97.830002
0.070816	97.688332	0.067768	97.809998
0.067844	97.836670	0.064527	97.980003
0.067591	97.794998	0.065378	97.900002
0.068042	97.824997	0.065668	97.879997
0.068686	97.769997	0.066531	97.790001
0.072598	97.650002	0.069572	97.750000
0.076166	97.470001	0.071474	97.739998
0.070452	97.681664	0.066451	97.779999
0.069116	97.753334	0.065722	97.750000
0.072736	97.616669	0.071039	97.650002
0.070253	97.709999	0.067551	97.750000
0.069580	97.701668	0.065946	97.709999
0.065659	97.848335	0.061946	97.919998
0.068041	97.824997	0.065703	97.800003
0.073450	97.591667	0.071333	97.599998
0.070955	97.736664	0.069083	97.720001
0.072508	97.673332	0.069497	97.599998
0.065413	97.921669	0.061726	98.050003
0.070399	97.745003	0.067305	98.019997
0.067819	97.783333	0.065178	97.949997
0.070109	97.783333	0.067681	97.949997
0.070012	97.800003	0.067678	97.940002
0.065244	97.931664	0.062756	98.000000
0.063709	97.980003	0.061135	98.110001
0.063399	97.998337	0.060712	98.160004
0.063634	98.004997	0.060522	98.080002
0.064473	97.968330	0.062498	98.050003
0.065184	97.995003	0.063150	98.110001
0.065297	97.985001	0.064921	98.010002
0.065062	97.956665	0.063301	98.099998
0.067338	97.786667	0.063120	97.959999
0.068883	97.763336	0.065170	97.910004
0.068471	97.769997	0.063946	97.940002
0.067247	97.861664	0.061956	98.089996
