2.202555	44.356667	2.200823	44.470001
1.975513	53.998333	1.970352	54.619999
1.549769	56.936668	1.538826	57.520000
1.205046	61.955002	1.189290	62.500000
0.918462	70.178337	0.904466	70.320000
0.741217	75.459999	0.727531	75.610001
0.680005	75.913330	0.665626	76.470001
0.629981	76.955002	0.619159	77.169998
0.610450	77.496666	0.597072	77.779999
0.512982	82.906670	0.495528	83.419998
0.474382	85.433334	0.461563	85.750000
0.395997	88.589996	0.387839	88.599998
0.361273	89.518333	0.353043	89.690002
0.340343	89.931664	0.330826	90.260002
0.322865	90.403336	0.313119	90.550003
0.297769	91.341667	0.287934	91.769997
0.281025	91.896667	0.272429	92.059998
0.276610	91.681664	0.268422	91.989998
0.273232	91.736664	0.266598	91.900002
0.246268	92.566666	0.238773	92.750000
0.234176	92.793335	0.227690	93.010002
0.239328	92.546669	0.230438	93.070000
0.238956	92.668335	0.231747	93.089996
0.232966	92.754997	0.224974	92.989998
0.223768	93.078331	0.215082	93.339996
0.226904	93.018333	0.214947	93.260002
0.218641	93.148331	0.209321	93.269997
0.218168	93.206665	0.210212	93.570000
0.203078	93.746666	0.195590	94.040001
0.190329	94.190002	0.184172	94.320000
0.194167	93.903336	0.189275	94.320000
0.179755	94.275002	0.176140	94.400002
0.172271	94.618332	0.168237	94.709999
0.168818	94.816666	0.160380	94.900002
0.164407	94.838333	0.159620	95.019997
0.160504	94.974998	0.157513	95.110001
0.156313	95.063332	0.152725	95.129997
0.153969	95.111664	0.151671	95.330002
0.156584	95.091667	0.153710	95.260002
0.145939	95.423332	0.143393	95.650002
0.143482	95.518333	0.142336	95.510002
0.146129	95.421669	0.145701	95.500000
0.142389	95.495003	0.140649	95.720001
0.140008	95.518333	0.137954	95.680000
0.136422	95.709999	0.133255	95.879997
0.132147	95.919998	0.130110	96.000000
0.137707	95.678337	0.135922	95.809998
0.122867	96.218330	0.120118	96.320000
0.124023	96.231667	0.123670	96.209999
0.124067	96.154999	0.121789	96.230003
0.121157	96.211670	0.118227	96.290001
0.120104	96.316666	0.117423	96.510002
0.116448	96.378334	0.113518	96.400002
0.114374	96.466667	0.112172	96.480003
0.119066	96.345001	0.118152	96.449997
0.114713	96.531670	0.112380	96.669998
0.117877	96.464996	0.115398	96.599998
0.115401	96.571663	0.112482	96.699997
0.112181	96.621666	0.110861	96.769997
0.112562	96.621666	0.110364	96.750000
0.110266	96.731667	0.107676	96.790001
0.109833	96.724998	0.107130	96.809998
0.106023	96.738335	0.101589	96.870003
0.105004	96.728333	0.102452	96.870003
0.105048	96.811668	0.103023	96.930000
0.110451	96.713333	0.108764	96.919998
0.108557	96.763336	0.107358	97.010002
0.103814	96.813332	0.104449	96.930000
0.105662	96.718330	0.104803	96.919998
0.105177	96.726669	0.103251	96.870003
0.110701	96.558334	0.108667	96.650002
0.113841	96.501663	0.113513	96.690002
0.108391	96.673332	0.108625	96.750000
0.106924	96.746666	0.108257	96.730003
0.100941	96.871666	0.101029	96.849998
0.104301	96.855003	0.104757	96.930000
0.110351	96.720001	0.111432	96.800003
0.112873	96.665001	0.114536	96.730003
0.108943	96.735001	0.110456	96.800003
0.107995	96.720001	0.106365	96.820000
0.105265	96.766670	0.104740	96.849998
0.099829	96.916664	0.099758	97.050003
0.099922	96.866669	0.099635	96.989998
0.096848	97.056664	0.097398	97.070000
0.098978	97.003334	0.100907	97.070000
0.098850	97.041664	0.101436	97.019997
0.096014	97.175003	0.096632	97.089996
0.095372	97.161667	0.095439	97.160004
0.097666	97.198334	0.097177	97.209999
0.098800	97.053337	0.098744	97.150002
0.099017	97.058334	0.098608	97.059998
0.096081	97.086670	0.096749	97.089996
0.096805	97.106667	0.098172	97.110001
0.093737	97.195000	0.093389	97.279999
0.089030	97.321663	0.089143	97.260002
0.085914	97.388336	0.086127	97.370003
0.088677	97.358330	0.088460	97.400002
0.087210	97.333336	0.086712	97.339996
0.087483	97.364998	0.087703	97.360001
0.087261	97.401665	0.087647	97.459999
0.088096	97.388336	0.088301	97.419998
0.084654	97.430000	0.085823	97.440002
0.084109	97.433334	0.084369	97.540001
0.084863	97.436668	0.085747	97.529999
0.085230	97.400002	0.086845	97.449997
0.084758	97.463333	0.085682	97.540001
0.088668	97.381668	0.089161	97.500000
0.084444	97.495003	0.083886	97.470001
0.084508	97.493332	0.082728	97.580002
0.081834	97.498337	0.080594	97.580002
0.080964	97.548332	0.079999	97.660004
0.082783	97.503334	0.083242	97.570000
0.079606	97.511665	0.079456	97.440002
0.081202	97.533333	0.080796	97.500000
0.082234	97.551666	0.081646	97.580002
0.083055	97.473335	0.081426	97.550003
0.082333	97.544998	0.080156	97.629997
0.082669	97.588333	0.079752	97.730003
0.082359	97.548332	0.080695	97.620003
0.080367	97.644997	0.078829	97.709999
0.083449	97.533333	0.081619	97.559998
0.080033	97.628334	0.078414	97.690002
0.078500	97.656670	0.077507	97.720001
0.078845	97.648331	0.077845	97.830002
0.079854	97.666664	0.079043	97.779999
0.081098	97.663330	0.079179	97.800003
0.080918	97.651665	0.077856	97.769997
0.079310	97.653336	0.077513	97.809998
0.079711	97.666664	0.077861	97.820000
0.077810	97.698334	0.076192	97.739998
0.081798	97.654999	0.080270	97.709999
0.082668	97.566666	0.081677	97.669998
0.077705	97.699997	0.077432	97.739998
0.076535	97.721664	0.075743	97.750000
0.074936	97.791664	0.074037	97.800003
0.079590	97.708336	0.079379	97.739998
0.076670	97.768333	0.078496	97.730003
0.074915	97.778336	0.075102	97.830002
0.078704	97.695000	0.077512	97.769997
0.077581	97.703331	0.074761	97.720001
0.075535	97.711670	0.075175	97.720001
0.075378	97.753334	0.075085	97.699997
0.074243	97.745003	0.073946	97.739998
0.074563	97.813332	0.075627	97.720001
0.076740	97.781670	0.076140	97.779999
0.074321	97.866669	0.075077	97.750000
0.074056	97.868332	0.074898	97.720001
0.074902	97.828331	0.076214	97.739998
0.072943	97.855003	0.074596	97.769997
0.073773	97.858330	0.074736	97.849998
0.075228	97.838333	0.077745	97.779999
0.071560	97.826668	0.071489	97.779999
0.071422	97.858330	0.071163	97.860001
0.072701	97.791664	0.072638	97.820000
0.073008	97.839996	0.071584	97.860001
0.077879	97.671669	0.074171	97.820000
0.078074	97.654999	0.075695	97.699997
0.076269	97.739998	0.073947	97.769997
0.073470	97.803337	0.071826	97.809998
0.075231	97.809998	0.073416	97.900002
0.070252	97.824997	0.069363	97.919998
0.071119	97.826668	0.069707	97.930000
0.071595	97.813332	0.070001	97.980003
0.075243	97.801666	0.074001	97.809998
0.075760	97.769997	0.072173	97.870003
0.077544	97.718330	0.073414	97.820000
0.077467	97.711670	0.075052	97.730003
0.071360	97.879997	0.069540	97.839996
0.069120	97.928337	0.066978	97.980003
0.072150	97.830002	0.069670	97.930000
0.070748	97.881668	0.067465	98.040001
0.069803	97.888336	0.067442	98.029999
0.070692	97.881668	0.069069	97.959999
0.073459	97.769997	0.071306	97.949997
0.072294	97.848335	0.070207	97.959999
0.071112	97.906670	0.070979	97.980003
0.066548	97.988335	0.065395	98.070000
0.068503	97.976669	0.068323	97.989998
0.068451	97.933334	0.067098	98.040001
0.067751	97.938332	0.064793	98.010002
0.068872	97.916664	0.066949	97.949997
0.072268	97.894997	0.069704	97.989998
0.071323	97.870003	0.067550	97.970001
0.066336	97.991669	0.063800	98.040001
0.070201	97.891670	0.066097	97.970001
0.071367	97.923332	0.068163	97.949997
0.076171	97.761665	0.072127	97.820000
0.067756	97.980003	0.063747	98.070000
0.066682	98.053337	0.064842	98.070000
0.064728	98.055000	0.062132	98.089996
0.065153	98.058334	0.063509	98.099998
0.066038	98.081665	0.065612	98.089996
0.063909	98.146667	0.064140	98.129997
0.065856	98.105003	0.065587	98.129997
0.060480	98.220001	0.059228	98.209999
0.060905	98.168335	0.060253	98.239998
0.061059	98.168335	0.059569	98.239998
0.062166	98.161667	0.061045	98.220001
0.061949	98.169998	0.061311	98.239998
0.061688	98.148331	0.061733	98.320000
0.062447	98.118332	0.060855	98.269997
0.062488	98.125000	0.062758	98.309998
0.057315	98.271667	0.057709	98.360001
0.058062	98.268333	0.058412	98.389999
0.057030	98.275002	0.056534	98.309998
0.060441	98.203331	0.060176	98.230003
0.057706	98.250000	0.056293	98.349998
0.059815	98.218330	0.059069	98.250000
0.057946	98.169998	0.055311	98.320000
0.058704	98.220001	0.058457	98.389999
0.059621	98.213333	0.060188	98.309998
0.062933	98.138336	0.062451	98.330002
0.057678	98.223335	0.056925	98.389999
0.058557	98.231667	0.058365	98.290001
0.054546	98.330002	0.055311	98.370003
0.055859	98.294998	0.055748	98.220001
0.055879	98.326668	0.055648	98.269997
0.054648	98.343330	0.055066	98.169998
0.057999	98.248337	0.057717	98.239998
0.056493	98.281670	0.056395	98.300003
0.059513	98.258331	0.059790	98.269997
0.059022	98.231667	0.057995	98.269997
0.058368	98.266670	0.056911	98.370003
0.056580	98.309998	0.056644	98.320000
0.057336	98.303337	0.056776	98.309998
0.054425	98.349998	0.053543	98.290001
0.054651	98.316666	0.052425	98.379997
0.056385	98.300003	0.054069	98.400002
0.055213	98.291664	0.054034	98.370003
0.057465	98.221664	0.055510	98.320000
0.057951	98.248337	0.055493	98.389999
0.056331	98.360001	0.055473	98.410004
0.056314	98.300003	0.056463	98.410004
0.054012	98.349998	0.052422	98.379997
0.056374	98.315002	0.054900	98.370003
0.057156	98.256668	0.056992	98.279999
0.055213	98.298332	0.054431	98.349998
0.054344	98.385002	0.053596	98.410004
0.055570	98.378334	0.054505	98.330002
0.056507	98.363335	0.055244	98.389999
0.056318	98.358330	0.055618	98.400002
0.057119	98.326668	0.055092	98.339996
0.057057	98.320000	0.056026	98.370003
0.054208	98.339996	0.052701	98.440002
0.056508	98.326668	0.053993	98.410004
0.055665	98.361664	0.054379	98.449997
0.058964	98.291664	0.057499	98.370003
0.058457	98.264999	0.055255	98.320000
0.058270	98.260002	0.056616	98.349998
0.057399	98.321663	0.054906	98.379997
0.056926	98.318336	0.055922	98.320000
0.054988	98.323334	0.055161	98.370003
0.055951	98.318336	0.053196	98.449997
0.056180	98.349998	0.053234	98.489998
0.055538	98.383331	0.053094	98.459999
0.055063	98.356667	0.053149	98.440002
0.059209	98.250000	0.056424	98.269997
0.056186	98.313332	0.055155	98.379997
0.057229	98.333336	0.056558	98.400002
0.057277	98.330002	0.056798	98.309998
0.054074	98.370003	0.053946	98.430000
0.054279	98.376663	0.054924	98.370003
0.057962	98.296669	0.058666	98.309998
0.054414	98.358330	0.053217	98.370003
0.056773	98.345001	0.055982	98.279999
0.055608	98.366669	0.055427	98.339996
0.053704	98.394997	0.053199	98.400002
0.055573	98.351669	0.055094	98.440002
0.056074	98.375000	0.055280	98.389999
0.055670	98.411667	0.054102	98.449997
0.057038	98.364998	0.056263	98.410004
0.056766	98.388336	0.054904	98.449997
0.055293	98.391670	0.054139	98.419998
0.059203	98.318336	0.056349	98.320000
0.056025	98.361664	0.053064	98.370003
0.055356	98.348335	0.053566	98.309998
0.057462	98.285004	0.054983	98.389999
0.060577	98.263336	0.059316	98.360001
0.058252	98.296669	0.057287	98.320000
0.056617	98.379997	0.053272	98.430000
0.055826	98.396667	0.053520	98.360001
0.055929	98.343330	0.054289	98.389999
0.056705	98.366669	0.054353	98.330002
0.059534	98.301666	0.058103	98.250000
0.058558	98.296669	0.055715	98.349998
0.058646	98.333336	0.056836	98.339996
0.059935	98.306664	0.057406	98.349998
0.056936	98.368332	0.055812	98.360001
0.060176	98.285004	0.060595	98.320000
0.060089	98.269997	0.060241	98.320000
0.056506	98.379997	0.057014	98.330002
0.059228	98.300003	0.058423	98.239998
0.058811	98.298332	0.058669	98.260002
0.059860	98.251663	0.059597	98.139999
0.056060	98.368332	0.057042	98.269997
0.057794	98.345001	0.058970	98.279999
0.054246	98.419998	0.056178	98.349998
0.058633	98.331665	0.061212	98.300003
0.064781	98.220001	0.067520	98.250000
0.062438	98.276665	0.065028	98.260002
