2.159170	46.956665	2.156525	47.529999
1.582425	70.828331	1.569640	72.000000
0.821426	82.253334	0.800350	83.669998
0.543452	87.228333	0.521740	88.449997
0.379756	90.243332	0.360091	90.970001
0.303894	91.141670	0.284291	91.779999
0.271947	91.764999	0.255059	92.349998
0.242698	92.668335	0.223987	93.320000
0.239691	92.839996	0.221758	93.480003
0.216418	93.453331	0.199537	94.160004
0.198693	93.916664	0.184041	94.389999
0.199967	93.860001	0.184500	94.419998
0.194958	93.913330	0.181496	94.470001
0.186521	94.125000	0.175236	94.650002
0.193011	93.989998	0.181705	94.190002
0.189666	94.116669	0.178146	94.449997
0.184035	94.348335	0.170931	94.589996
0.167886	94.809998	0.157805	95.190002
0.168006	94.866669	0.156792	95.110001
0.165648	94.916664	0.154689	95.239998
0.160818	95.068336	0.149584	95.489998
0.158228	95.146667	0.149731	95.470001
0.154609	95.231667	0.147353	95.459999
0.146574	95.345001	0.139786	95.660004
0.145931	95.489998	0.138854	95.680000
0.149795	95.493332	0.142175	95.669998
0.151644	95.425003	0.143112	95.699997
0.146566	95.601669	0.139094	95.790001
0.151457	95.468330	0.148386	95.570000
0.150673	95.459999	0.144971	95.650002
0.137617	95.856667	0.129864	95.989998
0.131841	96.088333	0.124738	96.209999
0.130905	96.180000	0.120840	96.419998
0.130588	96.125000	0.121814	96.260002
0.134013	96.006668	0.127446	96.139999
0.135637	96.036667	0.125081	96.290001
0.128423	96.175003	0.120215	96.290001
0.121865	96.343330	0.115400	96.510002
0.129547	96.228333	0.123213	96.419998
0.124982	96.181664	0.120102	96.360001
0.128417	96.198334	0.122125	96.480003
0.122170	96.355003	0.115139	96.550003
0.119894	96.410004	0.115114	96.610001
0.127778	96.288330	0.122281	96.480003
0.119491	96.458336	0.113461	96.599998
0.119491	96.418335	0.114415	96.550003
0.121173	96.309998	0.116564	96.430000
0.116796	96.583336	0.110832	96.709999
0.116005	96.596664	0.110712	96.690002
0.116654	96.581665	0.111286	96.720001
0.115308	96.544998	0.111866	96.709999
0.115309	96.593330	0.110326	96.680000
0.118800	96.629997	0.113440	96.730003
0.130743	96.396667	0.125557	96.389999
0.126121	96.430000	0.121211	96.500000
0.124841	96.529999	0.120384	96.470001
0.138589	96.223335	0.133616	96.209999
0.134245	96.366669	0.129398	96.379997
0.130280	96.501663	0.125791	96.400002
0.131216	96.516670	0.124617	96.570000
0.128457	96.523331	0.122874	96.550003
0.130444	96.473335	0.127559	96.440002
0.130234	96.514999	0.128780	96.589996
0.125240	96.544998	0.125542	96.449997
0.126220	96.521667	0.124982	96.370003
0.117079	96.656670	0.113606	96.669998
0.116733	96.713333	0.111226	96.839996
0.105166	96.838333	0.102141	96.900002
0.106798	96.900002	0.103129	96.879997
0.103082	96.985001	0.100173	96.919998
0.109913	96.891670	0.107542	96.900002
0.100541	97.080002	0.097875	97.050003
0.097826	97.169998	0.095557	97.120003
0.097343	97.178337	0.093308	97.279999
0.102229	97.101669	0.098199	97.070000
0.101688	97.165001	0.098349	97.199997
0.096900	97.214996	0.095670	97.169998
0.097494	97.224998	0.097215	97.250000
0.100100	97.135002	0.100356	97.050003
0.094110	97.394997	0.093170	97.360001
0.094225	97.383331	0.091748	97.400002
0.095050	97.351669	0.089620	97.459999
0.095761	97.315002	0.091489	97.360001
0.091340	97.408333	0.085756	97.580002
0.089016	97.440002	0.083427	97.580002
0.090242	97.388336	0.086444	97.519997
0.090737	97.400002	0.086629	97.430000
0.091362	97.345001	0.090366	97.339996
0.086033	97.511665	0.082204	97.570000
0.084528	97.513336	0.082914	97.570000
0.086060	97.559998	0.082566	97.550003
0.083190	97.626663	0.081751	97.629997
0.086331	97.470001	0.084208	97.559998
0.089189	97.443336	0.086209	97.580002
0.082770	97.570000	0.081373	97.559998
0.087148	97.525002	0.082903	97.540001
0.085985	97.544998	0.083960	97.629997
0.087705	97.589996	0.082813	97.660004
0.083163	97.693336	0.078931	97.750000
0.085563	97.610001	0.079901	97.709999
0.093271	97.441666	0.089994	97.540001
0.091456	97.491669	0.087500	97.440002
0.085751	97.598335	0.080351	97.760002
0.085476	97.658333	0.080273	97.760002
0.083356	97.658333	0.076689	97.650002
0.081468	97.721664	0.074966	97.839996
0.083161	97.703331	0.076471	97.809998
0.082368	97.688332	0.076816	97.800003
0.080922	97.699997	0.075728	97.790001
0.078786	97.730003	0.077225	97.750000
0.082644	97.653336	0.080710	97.690002
0.085371	97.656670	0.083286	97.820000
0.083014	97.718330	0.078474	97.809998
0.086036	97.621666	0.078469	97.769997
0.082387	97.666664	0.076375	97.870003
0.078816	97.756668	0.073774	97.839996
0.080747	97.711670	0.076970	97.839996
0.082176	97.723335	0.076341	97.860001
0.086644	97.635002	0.080686	97.769997
0.088918	97.553337	0.084637	97.720001
0.093059	97.478333	0.091408	97.540001
0.088030	97.578331	0.086210	97.559998
0.084961	97.633331	0.083349	97.690002
0.090037	97.578331	0.086394	97.680000
0.090958	97.589996	0.086152	97.709999
0.091202	97.555000	0.086795	97.620003
0.096090	97.480003	0.090668	97.690002
0.093757	97.503334	0.091167	97.540001
0.090336	97.556664	0.089378	97.599998
0.086318	97.671669	0.084793	97.790001
0.094787	97.486664	0.092809	97.470001
0.098068	97.459999	0.092445	97.559998
0.093391	97.541664	0.089192	97.580002
0.089958	97.621666	0.087099	97.529999
0.084933	97.681664	0.081709	97.699997
0.078237	97.833336	0.076032	97.800003
0.086033	97.691666	0.086010	97.650002
0.088304	97.661667	0.085501	97.709999
0.091450	97.618332	0.088920	97.660004
0.088030	97.613335	0.085936	97.690002
0.073524	97.928337	0.071558	98.000000
0.080549	97.841667	0.077259	97.949997
0.078038	97.876663	0.075076	98.050003
0.083686	97.758331	0.082641	97.739998
0.089868	97.676666	0.086984	97.750000
0.083390	97.741669	0.081471	97.800003
0.078240	97.836670	0.077501	97.980003
0.073085	97.981667	0.072744	97.980003
0.072789	97.986664	0.071754	98.019997
0.074410	97.963333	0.071501	98.070000
0.073448	97.959999	0.070265	98.059998
0.075164	97.991669	0.071347	98.099998
0.082825	97.873337	0.078116	98.010002
0.076525	97.945000	0.071568	97.989998
0.075857	97.978333	0.070494	98.000000
0.079514	97.963333	0.072729	98.070000
0.076244	98.033333	0.071132	98.089996
0.074134	98.013336	0.069807	98.180000
0.072846	98.059998	0.068332	98.209999
0.076572	98.011665	0.072224	98.099998
0.075001	98.018333	0.071323	98.129997
0.072645	98.021667	0.070698	98.169998
0.069821	98.089996	0.066148	98.099998
0.069827	98.073334	0.065338	98.230003
0.071440	98.025002	0.066161	98.070000
0.070670	98.058334	0.067606	98.050003
0.069304	98.111664	0.067851	98.129997
0.070286	98.080002	0.069584	98.120003
0.067694	98.148331	0.067942	98.129997
0.068831	98.099998	0.068445	98.099998
0.070695	98.099998	0.070242	98.099998
0.073671	98.026665	0.071365	98.019997
0.072728	98.053337	0.071136	98.040001
0.075353	98.026665	0.075227	98.070000
0.072875	98.095001	0.073063	98.110001
0.068504	98.138336	0.069222	98.129997
0.069548	98.141670	0.070879	97.989998
0.071812	98.081665	0.073482	98.089996
0.071130	98.110001	0.072689	97.910004
0.071099	98.091667	0.071984	98.040001
0.071253	98.061668	0.071707	97.940002
0.068764	98.050003	0.069640	97.980003
0.071132	98.028336	0.070596	97.980003
0.069207	98.103333	0.069584	98.080002
0.069616	98.139999	0.069634	98.019997
0.073823	98.000000	0.075538	97.970001
0.073606	98.008331	0.075233	98.120003
0.067690	98.135002	0.068920	98.169998
0.067713	98.135002	0.068739	98.059998
0.066150	98.151665	0.067995	98.099998
0.067406	98.123337	0.070118	98.089996
0.063230	98.248337	0.064340	98.110001
0.062781	98.224998	0.061814	98.169998
0.063162	98.263336	0.063668	98.169998
0.062896	98.283333	0.062499	98.199997
0.060956	98.308334	0.060099	98.150002
0.063341	98.193336	0.062117	98.220001
0.063209	98.183334	0.061098	98.190002
0.060095	98.273331	0.058928	98.120003
0.060797	98.263336	0.059599	98.169998
