2.017744	38.546665	2.015072	39.009998
1.239731	69.806664	1.233023	69.580002
0.730792	76.706665	0.722275	76.760002
0.611876	79.105003	0.601118	79.269997
0.448834	84.156670	0.432743	84.570000
0.421230	86.175003	0.405429	86.370003
0.308103	90.070000	0.292821	90.660004
0.419368	86.500000	0.407172	86.779999
0.325105	90.043335	0.300864	90.629997
0.319377	90.588333	0.288242	91.190002
0.267190	91.489998	0.245795	91.879997
0.254283	92.428337	0.229742	93.139999
0.257059	92.376663	0.230910	92.680000
0.262707	92.336670	0.240950	92.800003
0.259390	92.241669	0.239381	92.699997
0.234333	93.110001	0.215864	93.360001
0.233777	93.436668	0.213426	94.180000
0.161632	95.029999	0.147404	95.300003
0.219758	93.519997	0.202861	93.970001
0.230661	93.491669	0.215535	93.690002
0.221643	93.684998	0.207068	94.070000
0.198516	94.226669	0.182750	94.290001
0.229378	93.808334	0.212614	94.029999
0.198217	94.535004	0.180172	94.699997
0.203419	94.321663	0.185744	94.540001
0.176828	94.930000	0.158407	95.110001
0.179844	94.599998	0.167560	94.820000
0.192334	94.389999	0.178172	94.529999
0.223399	94.196663	0.205963	94.489998
0.200124	94.621666	0.185506	95.000000
0.153169	95.680000	0.139346	95.769997
0.164505	95.413330	0.152439	95.760002
0.158442	95.540001	0.145792	95.800003
0.150444	95.711670	0.138732	96.050003
0.179189	95.261665	0.166205	95.529999
0.220213	94.481667	0.202868	94.919998
0.185722	94.858330	0.174610	94.970001
0.150519	95.491669	0.138687	95.830002
0.166487	95.128334	0.156024	95.379997
0.140111	95.973335	0.132602	96.150002
0.141109	95.930000	0.133635	96.029999
0.149771	95.879997	0.140297	96.029999
0.141699	95.901665	0.132491	96.070000
0.117107	96.523331	0.109980	96.779999
0.158316	95.471664	0.150096	95.660004
0.132949	96.301666	0.124256	96.339996
0.146622	95.878334	0.138741	96.059998
0.143253	95.843330	0.136271	96.040001
0.162594	95.518333	0.152483	95.589996
0.127728	96.328331	0.118054	96.690002
0.141345	96.201668	0.131101	96.440002
0.129360	96.163330	0.121846	96.330002
0.128010	96.371666	0.119055	96.599998
0.136428	96.373337	0.126703	96.739998
0.170232	95.501663	0.162811	95.510002
0.118474	96.486664	0.110999	96.900002
0.131258	96.300003	0.120068	96.720001
0.160033	95.769997	0.149161	96.050003
0.133476	96.258331	0.123897	96.489998
0.150609	95.919998	0.140611	95.980003
0.133704	96.336670	0.127674	96.599998
0.157022	95.871666	0.147513	96.080002
0.126720	96.550003	0.122169	96.820000
0.144768	95.941666	0.137689	96.160004
0.132962	96.153336	0.131079	96.209999
0.111893	96.871666	0.107793	97.099998
0.129398	96.506668	0.127766	96.639999
0.126328	96.471664	0.124399	96.690002
0.129122	96.456665	0.124164	96.629997
0.106520	96.800003	0.103333	97.160004
0.130618	96.206665	0.125234	96.449997
0.115707	96.803337	0.108713	96.959999
0.110170	96.870003	0.104334	96.980003
0.104872	97.033333	0.097142	97.129997
0.088215	97.506668	0.084621	97.690002
0.091914	97.398331	0.089778	97.620003
0.098858	97.148331	0.094278	97.300003
0.102946	97.184998	0.094024	97.360001
0.092948	97.404999	0.086962	97.610001
0.098680	97.386665	0.093917	97.459999
0.120160	96.963333	0.111486	97.139999
0.124000	96.493332	0.117828	96.690002
0.098020	97.120003	0.094528	97.150002
0.089062	97.578331	0.082222	97.720001
0.084439	97.563332	0.079585	97.800003
0.119333	96.711670	0.112145	96.809998
0.091109	97.528336	0.087552	97.529999
0.091754	97.470001	0.088341	97.410004
0.087079	97.598335	0.083702	97.599998
0.098537	97.288330	0.094551	97.309998
0.090509	97.485001	0.087327	97.550003
0.098605	97.379997	0.093875	97.489998
0.093190	97.514999	0.089041	97.650002
0.096549	97.383331	0.099875	97.400002
0.094953	97.503334	0.096209	97.529999
0.092436	97.434998	0.091508	97.370003
0.114110	97.169998	0.110543	97.209999
0.109845	97.328331	0.105592	97.370003
0.113410	97.154999	0.105606	97.290001
0.126445	96.815002	0.118002	97.050003
0.113938	96.978333	0.108021	97.169998
0.096591	97.555000	0.094793	97.650002
0.094895	97.556664	0.095011	97.709999
0.116417	96.964996	0.108255	97.040001
0.113839	97.139999	0.106475	97.400002
0.102151	97.169998	0.092975	97.440002
0.111821	97.233330	0.102940	97.480003
0.105697	97.440002	0.105259	97.430000
0.098808	97.456665	0.098320	97.470001
0.122458	96.925003	0.117684	97.019997
0.082813	97.680000	0.080786	97.760002
0.093489	97.561668	0.095921	97.620003
0.086147	97.631668	0.088952	97.699997
0.081009	97.811668	0.083504	97.779999
0.091753	97.573334	0.096143	97.699997
0.097408	97.556664	0.097997	97.589996
0.094024	97.536667	0.092649	97.699997
0.098014	97.498337	0.094480	97.639999
0.097619	97.526665	0.095647	97.580002
0.086827	97.686668	0.084241	97.860001
0.115405	96.976669	0.108466	97.250000
0.122792	96.930000	0.117713	97.070000
0.105263	97.416664	0.102001	97.580002
0.098492	97.471664	0.094980	97.620003
0.099327	97.453331	0.092224	97.540001
0.101635	97.418335	0.095892	97.559998
0.109920	97.198334	0.108719	97.339996
0.105217	97.363335	0.101122	97.510002
0.099817	97.498337	0.099126	97.709999
0.093747	97.621666	0.090982	97.739998
0.105480	97.410004	0.098129	97.680000
0.101092	97.396667	0.092368	97.800003
0.090718	97.699997	0.092973	97.830002
0.090235	97.620003	0.089446	97.900002
0.078432	97.906670	0.077782	98.000000
0.108827	97.415001	0.113439	97.620003
0.098158	97.540001	0.099895	97.589996
0.132632	96.766670	0.133040	97.000000
0.098172	97.378334	0.101298	97.419998
0.095388	97.504997	0.094712	97.669998
0.105806	97.371666	0.102198	97.470001
0.090591	97.746666	0.090493	97.839996
0.086966	97.800003	0.088432	97.949997
0.085516	97.826668	0.084688	98.019997
0.100592	97.603333	0.097801	97.849998
0.112682	97.316666	0.109445	97.550003
0.088420	97.828331	0.088760	98.029999
0.091410	97.684998	0.089936	97.889999
0.106537	97.455002	0.104687	97.610001
0.075478	98.031670	0.075493	98.180000
0.084771	97.831665	0.084761	98.000000
0.086921	97.696663	0.079572	97.959999
0.106046	97.396667	0.100585	97.480003
0.078657	97.945000	0.078179	98.129997
0.100847	97.448334	0.094971	97.750000
0.093841	97.464996	0.089010	97.559998
0.070033	98.154999	0.067846	98.199997
0.078889	97.871666	0.073264	97.949997
0.077416	97.964996	0.076180	98.080002
0.077731	97.826668	0.077395	98.070000
0.081244	97.886665	0.081876	97.970001
0.073936	97.985001	0.076986	98.120003
0.069552	98.095001	0.067649	98.250000
0.072499	98.136665	0.070015	98.279999
0.080505	97.861664	0.079496	97.980003
0.082295	97.851669	0.080116	98.050003
0.085881	97.815002	0.085779	97.919998
0.074948	98.055000	0.071994	98.120003
0.076361	98.046669	0.073791	98.160004
0.073414	98.043335	0.072094	98.190002
0.080145	97.839996	0.074769	98.080002
0.082197	97.901665	0.077164	98.139999
0.083445	97.930000	0.082754	98.019997
0.090646	97.785004	0.085182	98.059998
0.089578	97.790001	0.086650	98.059998
0.081605	97.866669	0.079187	98.040001
0.081135	97.870003	0.078999	98.209999
0.077910	97.923332	0.074636	98.050003
0.088954	97.816666	0.086075	97.949997
0.082884	97.860001	0.081463	98.059998
0.088772	97.761665	0.085453	98.040001
0.090090	97.833336	0.086718	97.949997
0.086510	97.823334	0.083908	97.970001
0.114071	97.418335	0.106706	97.519997
0.093210	97.648331	0.090387	97.660004
0.108695	97.443336	0.104337	97.540001
0.082514	97.955002	0.082437	97.949997
0.089302	97.783333	0.089259	97.910004
0.070632	98.074997	0.071668	98.190002
0.080316	97.808334	0.078542	97.830002
0.076306	97.904999	0.075868	97.910004
0.076342	98.041664	0.073838	98.220001
0.110296	97.360001	0.102132	97.699997
0.108967	97.436668	0.101677	97.660004
0.095051	97.724998	0.094021	97.860001
0.087144	97.776665	0.086952	97.839996
0.082548	97.903336	0.081219	98.040001
0.091148	97.646667	0.088381	97.760002
0.090073	97.696663	0.090269	97.620003
0.082479	97.883331	0.081817	97.860001
