4.952010	12.616000	4.951531	13.000000
3.189638	14.548000	3.189804	14.790000
2.571132	22.586000	2.571436	22.469999
2.349412	23.968000	2.347586	23.910000
2.224115	27.882000	2.231414	27.540001
2.101255	31.030001	2.101696	31.330000
2.037838	32.563999	2.041526	32.869999
1.939096	36.478001	1.940688	35.730000
1.904716	37.549999	1.907017	37.360001
1.832719	39.535999	1.834789	39.040001
1.800222	40.501999	1.799451	40.660000
1.753601	42.122002	1.753364	41.889999
1.724009	41.986000	1.725224	42.020000
1.705424	44.186001	1.704272	43.970001
1.729040	42.349998	1.731401	42.439999
1.665770	45.251999	1.668917	45.220001
1.667739	45.436001	1.671846	44.740002
1.670765	43.584000	1.677559	43.540001
1.654629	45.584000	1.664593	45.299999
1.589222	47.562000	1.599120	47.189999
1.554900	49.068001	1.563461	48.419998
1.514155	51.292000	1.527468	50.500000
1.535756	49.514000	1.548072	49.049999
1.585686	46.931999	1.596478	47.060001
1.636733	45.816002	1.650379	45.610001
1.592357	47.773998	1.606141	47.430000
1.496880	51.792000	1.509343	51.340000
1.441750	53.507999	1.456680	52.509998
1.457936	52.778000	1.473868	51.740002
1.471737	51.799999	1.489329	50.970001
1.513755	51.344002	1.531214	50.220001
1.453643	52.810001	1.475470	51.950001
1.475586	51.683998	1.495443	51.099998
1.386238	54.858002	1.412201	53.660000
1.411818	54.990002	1.438958	53.529999
1.422701	54.411999	1.447435	53.360001
1.413184	54.480000	1.442663	53.160000
1.402870	55.026001	1.432907	53.650002
1.419760	54.374001	1.450327	52.480000
1.425625	53.636002	1.455670	51.910000
1.409565	54.770000	1.444853	53.070000
1.498192	51.612000	1.530632	49.980000
1.405039	55.242001	1.441111	53.490002
1.392789	55.240002	1.433657	53.230000
1.410683	55.122002	1.449426	53.480000
1.452089	54.287998	1.489897	52.680000
1.459156	54.220001	1.499876	52.849998
1.468958	53.175999	1.509194	51.450001
1.403120	55.487999	1.443391	53.599998
1.370924	56.416000	1.413940	54.540001
1.351394	56.894001	1.398133	54.849998
1.360695	57.099998	1.405100	54.959999
1.373866	56.551998	1.413946	54.980000
1.370092	56.618000	1.413998	54.520000
1.392344	56.290001	1.433195	53.980000
1.381674	56.731998	1.421856	54.619999
1.386728	56.568001	1.429530	54.470001
1.412071	55.548000	1.460440	53.500000
1.467872	52.751999	1.508449	50.490002
1.353974	57.346001	1.399223	55.160000
1.349687	57.388000	1.393753	55.049999
1.356871	57.467999	1.404707	55.259998
1.403952	54.222000	1.454785	52.459999
1.372828	57.029999	1.420893	54.650002
1.347044	57.768002	1.397547	55.770000
1.365237	57.726002	1.417041	55.770000
1.318128	58.584000	1.371800	56.290001
1.345865	57.990002	1.394045	56.040001
1.323597	59.091999	1.377736	57.000000
1.363800	56.167999	1.418200	54.009998
1.415493	54.506001	1.465942	52.509998
1.328032	56.964001	1.382755	54.349998
1.333684	57.827999	1.390905	55.209999
1.313751	58.549999	1.370239	55.900002
1.353555	58.276001	1.408379	55.980000
1.339073	58.480000	1.398702	56.060001
1.375854	57.880001	1.434821	55.720001
1.376202	58.084000	1.435876	55.720001
1.463784	56.268002	1.523365	53.500000
1.365623	57.287998	1.423444	54.900002
1.316133	58.888000	1.379190	56.509998
1.337982	58.000000	1.401229	55.540001
1.338228	58.743999	1.399460	56.080002
1.321730	58.824001	1.383236	56.070000
1.316200	58.562000	1.382457	55.430000
1.356379	57.521999	1.418011	54.430000
1.383690	56.062000	1.445443	53.509998
1.326079	58.074001	1.388391	55.270000
1.365936	58.250000	1.427122	55.750000
1.343910	58.450001	1.408514	55.509998
1.313386	58.731998	1.381689	56.040001
1.301821	58.942001	1.369927	56.389999
1.333583	57.506001	1.400246	54.480000
1.330229	58.577999	1.393924	55.630001
1.289851	59.992001	1.361412	57.240002
1.331180	58.669998	1.401227	55.709999
1.309650	59.056000	1.381177	56.060001
1.326100	59.116001	1.397235	56.369999
1.275802	60.310001	1.349988	57.520000
1.263093	60.492001	1.334944	57.369999
1.273099	60.396000	1.345756	57.529999
1.336281	58.908001	1.408066	55.900002
1.303430	59.223999	1.371948	56.490002
1.298763	59.863998	1.365876	56.750000
1.308533	59.660000	1.378794	56.869999
1.328725	59.388000	1.397771	56.320000
1.358792	56.612000	1.428897	53.310001
1.337100	58.444000	1.408721	55.540001
1.290962	60.130001	1.363747	56.990002
1.277284	60.580002	1.347707	57.419998
1.296437	60.745998	1.362679	57.950001
1.267158	60.113998	1.342486	57.380001
1.261764	60.910000	1.335977	57.880001
1.271161	60.675999	1.346313	57.759998
1.300802	60.231998	1.370413	57.650002
1.271843	60.785999	1.347957	57.959999
1.308493	60.338001	1.377250	57.090000
1.263723	61.091999	1.340854	58.029999
1.267694	61.501999	1.343304	58.250000
1.281518	61.136002	1.360421	57.410000
1.257106	61.257999	1.334480	57.950001
1.303961	59.448002	1.378329	56.139999
1.281235	60.745998	1.355817	57.619999
1.254319	61.962002	1.330307	58.360001
1.259440	61.793999	1.337016	58.299999
1.306250	59.234001	1.387979	55.779999
1.346541	57.166000	1.426876	54.000000
1.315785	60.000000	1.396509	56.869999
1.324129	59.824001	1.403842	56.840000
1.312396	59.650002	1.395088	56.790001
1.308282	60.369999	1.387215	57.320000
1.353101	58.806000	1.431077	56.470001
1.318354	60.234001	1.402281	57.180000
1.382893	58.959999	1.459432	56.119999
1.339352	60.066002	1.418006	57.279999
1.376106	59.869999	1.453544	57.169998
1.357417	60.372002	1.438253	57.369999
1.351156	60.313999	1.434883	57.049999
1.333955	60.708000	1.419772	57.750000
1.369995	59.925999	1.453480	57.160000
1.342817	60.408001	1.429361	57.480000
1.388007	59.520000	1.473466	57.000000
1.386797	59.355999	1.467041	56.430000
1.368862	60.262001	1.454273	57.099998
1.363457	60.186001	1.451817	57.119999
1.375546	59.653999	1.462167	56.720001
1.388493	60.063999	1.476447	56.509998
1.395147	59.683998	1.485875	56.389999
1.331706	60.231998	1.411876	56.720001
1.316386	58.594002	1.396326	54.970001
1.351851	58.953999	1.429671	55.619999
1.356362	57.012001	1.433501	53.669998
1.248942	62.202000	1.329091	58.570000
1.246138	62.133999	1.330091	59.060001
1.271552	61.352001	1.361420	58.189999
1.299318	60.557999	1.382986	57.480000
1.299190	60.636002	1.387358	57.680000
1.355840	59.481998	1.440887	56.310001
1.362103	59.633999	1.452818	56.150002
1.415762	56.925999	1.500667	53.230000
1.306523	60.014000	1.390563	56.590000
1.299513	60.304001	1.385591	57.080002
1.278154	60.521999	1.358696	57.619999
1.273754	61.335999	1.353492	58.060001
1.264011	61.812000	1.349263	58.110001
1.279587	60.740002	1.364630	57.099998
1.265326	61.202000	1.351128	57.740002
1.253620	61.908001	1.341300	58.139999
1.302608	58.930000	1.387974	55.450001
1.285200	60.554001	1.371983	56.799999
1.274155	60.919998	1.364405	57.290001
1.320722	60.320000	1.405722	56.610001
1.301624	59.928001	1.387954	56.549999
1.290878	60.459999	1.377384	56.860001
1.298435	59.174000	1.386523	55.820000
1.278231	61.495998	1.362685	58.340000
1.320433	57.686001	1.401527	54.830002
1.275489	62.139999	1.356574	58.750000
1.282870	61.273998	1.362042	57.919998
1.245109	62.785999	1.328061	59.410000
1.287646	61.313999	1.370960	58.070000
1.297096	60.862000	1.385479	56.830002
1.288477	59.130001	1.373745	55.430000
1.319392	60.119999	1.398278	56.880001
1.284561	61.043999	1.366847	58.049999
1.318962	58.355999	1.400804	55.639999
1.345348	56.740002	1.424351	54.029999
1.361664	58.007999	1.436682	54.509998
1.312407	61.032001	1.390656	57.240002
1.293966	60.293999	1.373268	56.599998
1.301362	61.551998	1.373345	57.950001
1.257807	62.473999	1.337889	58.700001
1.287951	60.807999	1.364664	57.529999
1.289412	60.917999	1.369658	57.270000
1.302083	60.085999	1.382655	56.599998
1.262978	60.902000	1.348972	56.759998
1.275011	60.515999	1.364347	56.410000
1.278313	61.057999	1.361879	57.099998
1.374648	54.849998	1.451870	51.689999
1.368201	57.612000	1.439959	53.790001
