5.249329	10.000000	5.249312	10.000000
3.618844	10.000000	3.618562	10.000000
3.171048	10.004000	3.170521	10.020000
2.782386	9.692000	2.781835	9.820000
2.580530	15.630000	2.579793	15.550000
2.534928	10.000000	2.534502	10.000000
2.471484	12.394000	2.471116	12.540000
2.433855	10.820000	2.433072	10.810000
2.425468	11.376000	2.425038	11.450000
2.396762	12.314000	2.396516	12.610000
2.363815	16.122000	2.363184	16.150000
2.462826	10.138000	2.462923	10.110000
2.387324	14.282000	2.386653	14.070000
2.337047	13.514000	2.335171	13.760000
2.352018	10.888000	2.350849	11.040000
2.306447	15.946000	2.305563	16.000000
2.297040	19.341999	2.295967	19.090000
2.224401	21.950001	2.221134	22.290001
2.400591	9.990000	2.399415	10.160000
2.393871	15.660000	2.394247	15.550000
2.383311	15.668000	2.383196	15.660000
2.290618	17.344000	2.288881	17.049999
2.348492	14.370000	2.348603	14.520000
2.424150	9.382000	2.426367	9.300000
2.359081	13.024000	2.360639	12.890000
2.375184	16.714001	2.375061	16.920000
2.297384	17.882000	2.297153	17.920000
2.344586	13.202000	2.342315	13.250000
2.341476	14.520000	2.340461	14.420000
2.406736	10.692000	2.405573	10.660000
2.251925	17.048000	2.250142	16.790001
2.163744	23.198000	2.163477	23.030001
2.125369	21.822001	2.124818	22.100000
2.196171	22.052000	2.197535	22.490000
2.169678	23.063999	2.169049	23.150000
2.420710	10.878000	2.420267	10.930000
2.392447	11.550000	2.391353	11.580000
2.374513	10.774000	2.373305	10.780000
2.237036	15.132000	2.235983	15.130000
2.315804	14.218000	2.314878	14.710000
2.186736	20.908001	2.185718	20.950001
2.211312	19.114000	2.210188	18.990000
2.233723	19.336000	2.231996	18.940001
2.149245	24.326000	2.149658	24.530001
2.174226	23.458000	2.173789	23.650000
2.199875	19.077999	2.198910	19.389999
2.168748	23.948000	2.171496	23.549999
2.209641	18.431999	2.211190	18.730000
2.280504	16.858000	2.279749	17.120001
2.378504	12.270000	2.380133	12.130000
2.344911	12.240000	2.345899	12.230000
2.135476	22.712000	2.133400	22.799999
2.145127	24.469999	2.142791	24.850000
2.104674	26.014000	2.103829	25.820000
2.050770	29.552000	2.047898	29.360001
2.097362	29.846001	2.093876	29.540001
2.169909	18.318001	2.168881	17.719999
2.073358	26.073999	2.073731	25.570000
2.288157	13.796000	2.287607	13.630000
2.216724	19.808001	2.215418	19.750000
2.147960	23.813999	2.142864	24.389999
2.105924	26.518000	2.099912	27.280001
2.022733	28.190001	2.014757	28.389999
2.095872	22.195999	2.088237	22.360001
2.214945	20.788000	2.209362	21.559999
2.375252	12.772000	2.371259	13.010000
2.835492	20.591999	2.784375	21.420000
2.283520	20.268000	2.283648	20.270000
2.156054	20.740000	2.148266	20.570000
2.183537	20.888000	2.177307	21.059999
2.364267	14.190000	2.363186	13.710000
2.257682	21.188000	2.256564	21.040001
2.302817	17.482000	2.301479	17.959999
2.221627	21.652000	2.217753	22.219999
2.150104	25.302000	2.146602	25.969999
2.331557	20.722000	2.331864	20.680000
2.172946	19.294001	2.169393	19.420000
2.235478	20.417999	2.232819	20.680000
2.183364	22.708000	2.181810	22.690001
2.011090	29.084000	2.011119	29.190001
2.022953	26.750000	2.027245	26.780001
2.162338	24.250000	2.164276	24.370001
2.083734	26.826000	2.080239	27.010000
2.115083	28.275999	2.123253	27.559999
2.116200	27.625999	2.117704	27.590000
2.329578	12.076000	2.328050	11.900000
2.232947	17.986000	2.229824	17.750000
2.178464	23.086000	2.175266	23.000000
2.047916	28.927999	2.026653	29.200001
2.140217	27.458000	2.143087	27.330000
2.076418	31.997999	2.080081	32.560001
2.380559	11.442000	2.389232	11.230000
2.265773	16.191999	2.267577	16.440001
2.295354	13.068000	2.295468	13.090000
2.209770	23.167999	2.210014	23.459999
2.063578	29.930000	2.061981	31.160000
2.075472	30.158001	2.073209	30.889999
2.193501	25.458000	2.190539	25.930000
2.155226	25.544001	2.153460	25.420000
2.079419	31.917999	2.077859	32.020000
2.064661	28.024000	2.055820	28.959999
1.959945	33.493999	1.958327	33.310001
2.049012	28.892000	2.046473	28.320000
2.256096	20.691999	2.255768	21.049999
2.126791	25.096001	2.126444	25.340000
2.177979	25.455999	2.179409	25.780001
2.249019	19.087999	2.247250	19.100000
2.211670	23.386000	2.209089	23.459999
2.069380	28.648001	2.067351	29.280001
2.031795	29.184000	2.029236	29.260000
2.012513	32.394001	2.010540	32.680000
1.941802	33.736000	1.943950	33.910000
1.924882	32.410000	1.929978	32.040001
2.065421	32.330002	2.047237	32.189999
1.937295	32.821999	1.935690	32.689999
1.945302	33.838001	1.943632	34.240002
1.927592	34.742001	1.930067	34.580002
1.895750	36.602001	1.894612	36.790001
1.831451	37.722000	1.843090	37.680000
1.784320	38.540001	1.786990	38.590000
1.865401	37.428001	1.864021	37.689999
1.988072	33.166000	1.986348	33.000000
2.159315	27.688000	2.152566	27.750000
2.105990	31.766001	2.100350	32.389999
2.340303	22.726000	2.337521	22.950001
2.124718	31.208000	2.125091	31.440001
2.261090	24.722000	2.262581	24.290001
2.125786	26.848000	2.124342	27.120001
2.108437	28.412001	2.110617	28.879999
2.072218	29.766001	2.072026	29.540001
1.987561	36.667999	1.988916	37.500000
2.064090	27.511999	2.060273	27.299999
2.015944	32.585999	2.014793	32.560001
1.889924	37.599998	1.888411	37.799999
1.820932	38.313999	1.821651	39.070000
1.843228	37.021999	1.842867	36.860001
1.912097	36.889999	1.908270	36.840000
1.820761	39.004002	1.819882	39.090000
2.206348	23.653999	2.199632	24.049999
2.060945	32.391998	2.065718	32.680000
2.034029	33.056000	2.038408	33.020000
1.929704	37.546001	1.932244	37.630001
1.883541	37.745998	1.883794	37.549999
1.909338	37.863998	1.908548	37.880001
2.074794	34.240002	2.082450	34.459999
1.871059	38.978001	1.877295	38.660000
1.948375	36.703999	1.950947	37.230000
2.061707	33.368000	2.066880	33.540001
1.902755	38.518002	1.911643	38.810001
1.840315	39.237999	1.852436	38.889999
1.847302	39.234001	1.858520	38.669998
2.092944	31.294001	2.092957	31.110001
1.859036	36.153999	1.856933	35.730000
1.840120	37.152000	1.842730	37.160000
2.133208	32.304001	2.134365	32.689999
2.312412	16.766001	2.311577	17.230000
2.076321	30.004000	2.077760	29.920000
1.942006	35.335999	1.942073	35.230000
1.960727	34.521999	1.964510	34.029999
1.921281	36.009998	1.921556	36.020000
1.962903	37.299999	1.962908	36.709999
1.800399	40.855999	1.801549	40.700001
1.838540	40.194000	1.836672	39.410000
1.870818	38.532001	1.875610	37.980000
1.729334	40.894001	1.736691	40.430000
1.773228	40.826000	1.788068	40.110001
1.967030	35.354000	1.975561	34.849998
1.893080	35.574001	1.897893	34.750000
1.878155	38.020000	1.880899	37.459999
1.840933	39.924000	1.840438	38.990002
1.809153	40.576000	1.817516	40.029999
1.939804	33.764000	1.949018	32.980000
1.987775	31.552000	1.995417	31.290001
1.873770	36.358002	1.878150	36.240002
1.833738	39.389999	1.842479	39.230000
1.941953	34.748001	1.953378	34.240002
1.801556	41.431999	1.817516	41.189999
1.854498	39.396000	1.870872	39.090000
1.931576	37.768002	1.946943	37.959999
1.960131	37.231998	1.983313	37.270000
1.916950	36.798000	1.921432	36.590000
1.869798	40.152000	1.876515	39.599998
1.928857	40.848000	1.948133	40.240002
1.892888	38.074001	1.901014	38.250000
1.884970	39.756001	1.880853	39.410000
1.785172	40.084000	1.791303	40.119999
1.886379	38.948002	1.892950	38.950001
1.831376	41.077999	1.843464	41.250000
1.823786	40.930000	1.839262	40.599998
1.846720	41.742001	1.857097	41.889999
1.718563	42.484001	1.730768	41.669998
1.994075	35.993999	2.011267	35.619999
1.786000	41.056000	1.804894	40.169998
1.685954	42.636002	1.701674	42.130001
1.722812	43.251999	1.742310	42.369999
1.741901	42.632000	1.761345	41.970001
1.942880	31.568001	1.948518	30.990000
1.829227	39.368000	1.839723	39.000000
1.944279	33.652000	1.952482	33.169998
1.782819	39.716000	1.794012	39.020000
