5.042467	10.018000	5.042728	10.090000
3.399762	14.332000	3.397568	14.530000
2.496379	21.636000	2.493404	21.629999
2.284113	25.162001	2.277013	24.930000
2.190154	28.525999	2.187407	28.480000
2.079754	31.812000	2.075461	31.450001
1.992483	36.035999	1.989799	36.130001
1.983890	36.358002	1.973867	36.150002
1.857143	38.636002	1.854872	38.419998
1.812695	40.237999	1.814625	40.500000
1.784741	41.481998	1.783905	41.290001
1.805334	40.689999	1.808457	39.990002
1.730859	42.948002	1.736105	42.910000
1.698365	45.428001	1.710769	44.730000
1.716350	44.335999	1.722089	44.270000
1.669416	45.680000	1.674049	45.200001
1.663252	46.566002	1.670086	45.349998
1.665955	46.034000	1.673565	45.250000
1.677615	45.265999	1.685213	44.270000
1.662485	45.806000	1.670252	44.860001
1.577388	48.708000	1.589499	47.799999
1.559552	51.276001	1.566826	50.720001
1.563228	49.014000	1.578947	48.160000
1.554661	50.466000	1.566030	49.980000
1.556541	50.391998	1.571476	49.880001
1.501617	50.751999	1.521447	49.950001
1.515691	51.383999	1.535712	49.950001
1.497547	53.076000	1.523029	51.830002
1.493598	52.112000	1.518974	50.430000
1.475309	53.285999	1.504350	52.000000
1.470158	54.419998	1.495074	52.980000
1.451354	54.240002	1.480272	52.169998
1.491727	53.046001	1.519304	51.919998
1.450056	54.200001	1.481846	52.279999
1.439832	52.911999	1.475465	50.810001
1.442531	55.273998	1.476092	52.889999
1.402959	55.726002	1.438547	53.549999
1.447823	54.862000	1.478934	52.810001
1.450022	53.939999	1.480884	52.639999
1.446204	54.236000	1.481387	52.919998
1.373703	55.952000	1.408843	54.349998
1.414396	55.444000	1.450075	54.360001
1.385016	56.916000	1.427113	55.360001
1.419609	56.515999	1.455614	54.849998
1.446640	54.348000	1.480478	53.009998
1.419540	56.195999	1.454903	55.119999
1.420802	55.986000	1.463034	54.700001
1.403815	56.750000	1.438432	55.110001
1.430226	55.889999	1.467048	54.500000
1.420146	56.296001	1.461843	54.380001
1.384625	56.928001	1.428682	54.830002
1.378791	57.630001	1.417197	56.020000
1.454497	56.150002	1.489992	54.110001
1.368808	57.793999	1.405121	55.980000
1.398263	57.155998	1.437762	54.830002
1.362601	58.108002	1.402879	56.299999
1.372031	57.993999	1.413860	56.389999
1.404964	56.980000	1.445670	55.400002
1.347291	58.265999	1.392371	56.490002
1.342594	58.262001	1.389411	56.250000
1.393986	57.077999	1.436937	55.220001
1.369815	58.049999	1.415426	56.020000
1.352393	57.862000	1.397295	56.029999
1.387662	57.619999	1.433486	55.820000
1.376139	57.748001	1.421423	55.480000
1.346925	58.680000	1.396515	56.580002
1.380842	57.243999	1.431026	55.360001
1.423545	56.551998	1.473152	55.040001
1.418730	56.535999	1.470568	54.799999
1.344832	57.708000	1.399356	55.540001
1.354611	57.604000	1.409774	54.939999
1.362768	58.487999	1.413941	56.340000
1.377203	58.369999	1.429050	56.330002
1.365236	57.610001	1.416362	55.360001
1.363071	57.796001	1.417307	56.360001
1.375638	57.113998	1.430862	55.169998
1.378473	57.743999	1.433996	55.820000
1.393105	56.993999	1.448854	55.340000
1.421821	57.028000	1.476463	55.939999
1.404123	56.523998	1.452872	54.490002
1.394636	57.202000	1.441374	54.759998
1.357614	58.790001	1.408794	56.290001
1.349997	58.743999	1.402557	56.570000
1.366915	58.234001	1.421603	56.459999
1.339151	58.773998	1.394525	57.160000
1.315948	59.265999	1.371543	57.360001
1.346653	58.424000	1.403753	56.599998
1.307017	60.009998	1.363587	57.680000
1.356690	58.824001	1.409527	56.889999
1.323314	59.476002	1.376989	56.950001
1.354454	58.683998	1.408699	56.450001
1.329298	59.801998	1.379570	57.209999
1.337666	58.924000	1.387681	56.650002
1.324569	59.276001	1.374557	56.660000
1.304891	59.764000	1.353841	57.529999
1.308183	59.476002	1.355907	57.480000
1.302245	59.540001	1.354362	57.180000
1.360550	58.928001	1.402475	57.169998
1.318083	59.950001	1.363929	58.099998
1.332004	59.112000	1.379785	56.560001
1.304188	60.043999	1.356766	58.090000
1.288549	60.382000	1.342614	58.220001
1.277582	61.009998	1.334671	58.650002
1.294061	60.186001	1.352772	58.529999
1.306589	60.484001	1.360549	58.520000
1.355022	58.433998	1.414038	56.730000
1.310763	59.425999	1.368094	57.320000
1.352648	59.411999	1.407642	57.360001
1.334410	59.537998	1.388578	57.240002
1.380337	58.708000	1.430006	56.650002
1.314414	60.248001	1.369814	57.970001
1.296749	59.874001	1.358380	57.610001
1.310909	61.077999	1.366413	58.669998
1.324999	60.153999	1.376800	57.459999
1.314970	60.318001	1.365847	58.160000
1.350857	58.200001	1.402836	55.619999
1.391929	58.001999	1.441035	55.939999
1.259582	62.172001	1.313075	59.619999
1.322473	60.080002	1.376475	58.369999
1.507332	56.411999	1.552333	54.470001
1.332335	60.377998	1.386147	58.160000
1.287521	60.712002	1.343811	57.889999
1.279579	60.962002	1.332929	57.970001
1.278890	61.119999	1.337688	58.720001
1.312394	60.209999	1.371066	58.090000
1.281660	60.976002	1.339462	58.240002
1.293866	61.582001	1.352338	58.950001
1.335478	60.335999	1.393620	58.439999
1.325390	60.734001	1.383553	58.639999
1.312858	61.428001	1.370789	59.049999
1.325912	61.400002	1.382719	58.930000
1.411757	59.928001	1.464949	57.709999
1.339494	60.995998	1.397321	58.830002
1.327675	61.405998	1.384822	59.540001
1.324199	61.644001	1.384223	59.630001
1.330018	61.088001	1.389549	59.000000
1.341312	61.189999	1.402092	59.020000
1.367884	60.787998	1.428691	58.709999
1.366201	61.389999	1.429095	58.990002
1.350773	60.820000	1.412400	58.730000
1.402257	59.501999	1.459923	57.029999
1.357425	60.618000	1.415476	58.119999
1.411116	60.424000	1.467168	57.970001
1.437955	58.706001	1.492846	56.310001
1.346503	60.998001	1.406925	58.529999
1.407518	60.014000	1.467413	57.459999
1.455694	58.334000	1.513551	56.310001
1.393730	59.868000	1.457714	57.869999
1.369988	59.313999	1.432101	56.880001
1.308313	60.130001	1.372902	57.369999
1.283943	59.986000	1.350644	56.459999
1.330127	59.216000	1.397003	56.790001
1.508735	54.127998	1.557605	51.610001
1.388898	57.855999	1.446268	55.889999
1.336325	59.217999	1.393900	57.180000
1.336752	60.470001	1.397722	57.689999
1.355815	60.748001	1.415571	58.009998
1.387796	60.481998	1.446152	57.799999
1.412980	59.209999	1.477206	56.279999
1.397366	59.594002	1.466560	56.340000
1.400099	57.242001	1.455681	54.689999
1.283799	61.320000	1.345919	58.340000
1.288608	60.938000	1.349915	58.090000
1.296883	60.570000	1.355171	58.029999
1.291362	61.487999	1.346827	58.650002
1.267278	61.880001	1.333822	58.799999
1.329433	60.348000	1.386857	57.549999
1.283918	61.186001	1.351524	58.090000
1.335966	59.566002	1.400321	57.310001
1.285588	60.720001	1.349961	57.700001
1.280998	61.624001	1.346999	58.660000
1.282886	61.360001	1.347113	58.410000
1.292103	61.049999	1.355987	57.500000
1.271458	62.029999	1.337691	58.930000
1.277694	62.035999	1.351392	58.540001
1.309410	60.403999	1.378041	57.139999
1.352322	59.222000	1.409926	55.470001
1.274237	62.619999	1.334206	58.950001
1.269736	62.717999	1.340138	59.349998
1.288347	61.436001	1.353431	57.910000
1.358186	58.768002	1.421846	55.840000
1.371354	59.492001	1.436157	56.930000
1.337129	59.504002	1.405525	56.369999
1.277149	61.598000	1.347705	57.980000
1.320655	60.124001	1.390735	56.970001
1.365646	59.066002	1.435429	56.400002
1.267998	61.520000	1.341960	58.380001
1.299785	60.155998	1.375711	56.540001
1.237234	62.936001	1.313161	59.619999
1.345664	60.388000	1.409961	56.740002
1.285444	62.146000	1.354941	59.139999
1.270240	61.534000	1.342786	58.270000
1.303529	60.698002	1.376490	57.500000
1.293765	61.470001	1.358233	57.660000
1.283452	61.248001	1.352919	57.310001
1.322062	61.042000	1.386016	57.630001
1.274635	60.824001	1.344746	57.119999
1.294229	60.852001	1.365342	57.250000
1.310849	60.986000	1.386128	57.380001
1.253216	61.950001	1.331950	58.730000
