2.162881	43.596668	2.158633	43.459999
1.766339	65.184998	1.757010	65.699997
1.258084	72.368332	1.242193	72.480003
0.865043	83.938332	0.845616	84.529999
0.637080	85.779999	0.618016	86.040001
0.514963	85.675003	0.496258	85.970001
0.431921	88.153336	0.415465	88.599998
0.378299	89.583336	0.360915	89.919998
0.361973	88.683334	0.348412	88.989998
0.336942	90.393333	0.322639	90.760002
0.321712	90.633331	0.309104	91.040001
0.297133	90.991669	0.285746	91.230003
0.261556	92.551666	0.251605	93.050003
0.251892	92.923332	0.241692	93.510002
0.239488	93.154999	0.230486	93.660004
0.230345	93.525002	0.222326	93.709999
0.226661	93.406670	0.217635	93.750000
0.214128	93.833336	0.206565	94.040001
0.209486	93.846664	0.201492	93.900002
0.196242	94.326668	0.189203	94.379997
0.189118	94.599998	0.183951	94.849998
0.186509	94.506668	0.182245	94.699997
0.181236	94.601669	0.175712	94.870003
0.186397	94.371666	0.182494	94.540001
0.172807	94.775002	0.166830	95.040001
0.170466	94.815002	0.165779	95.180000
0.165306	94.926666	0.159956	95.269997
0.159186	95.243332	0.155383	95.419998
0.160636	95.131668	0.156013	95.279999
0.153516	95.315002	0.147522	95.570000
0.151603	95.383331	0.145953	95.620003
0.146052	95.669998	0.140984	95.790001
0.143998	95.690002	0.140108	95.839996
0.144142	95.718330	0.137640	95.800003
0.141582	95.781670	0.135278	95.849998
0.138033	95.846664	0.131802	95.860001
0.140627	95.726669	0.135088	95.730003
0.135842	95.853333	0.132051	95.910004
0.131315	95.938332	0.127027	95.989998
0.140401	95.613335	0.133576	95.779999
0.140453	95.629997	0.133701	95.919998
0.137551	95.760002	0.132336	95.750000
0.128247	96.021667	0.124615	96.019997
0.127614	96.038330	0.122912	96.099998
0.126082	96.089996	0.123623	96.080002
0.130400	96.016670	0.126758	96.080002
0.125138	96.136665	0.123239	96.209999
0.120129	96.278336	0.116965	96.269997
0.120456	96.236664	0.117097	96.260002
0.117867	96.248337	0.113634	96.330002
0.117187	96.305000	0.114510	96.389999
0.117827	96.346664	0.112713	96.510002
0.121968	96.188332	0.114020	96.279999
0.115727	96.378334	0.111240	96.389999
0.114521	96.416664	0.108743	96.559998
0.113963	96.528336	0.107930	96.699997
0.115199	96.503334	0.110716	96.639999
0.112247	96.495003	0.109374	96.480003
0.109760	96.641670	0.106508	96.690002
0.112267	96.480003	0.108616	96.470001
0.114000	96.404999	0.112368	96.370003
0.111267	96.525002	0.107091	96.580002
0.105584	96.739998	0.101681	96.730003
0.104896	96.773331	0.100720	96.830002
0.106294	96.681664	0.103895	96.680000
0.108206	96.644997	0.105085	96.639999
0.104531	96.671669	0.102194	96.739998
0.102811	96.853333	0.101264	96.760002
0.102483	96.900002	0.100507	96.839996
0.108582	96.738335	0.105147	96.650002
0.100019	96.926666	0.097290	96.849998
0.101105	96.955002	0.098201	96.910004
0.101566	96.943336	0.098322	97.000000
0.101275	96.891670	0.097641	97.029999
0.099593	96.885002	0.094070	97.070000
0.096666	97.016670	0.093698	97.139999
0.097728	97.008331	0.092854	97.110001
0.100849	96.959999	0.093984	97.120003
0.102526	96.951668	0.097188	97.019997
0.099811	96.889999	0.095478	96.959999
0.101393	96.933334	0.095646	97.099998
0.097875	97.133331	0.093794	97.120003
0.095879	97.095001	0.092473	97.139999
0.095936	97.110001	0.090888	97.110001
0.093390	97.123337	0.089335	97.160004
0.093723	97.123337	0.089877	97.199997
0.092313	97.158333	0.087655	97.220001
0.090723	97.214996	0.085269	97.290001
0.090352	97.224998	0.086088	97.370003
0.087116	97.303337	0.083186	97.379997
0.089407	97.250000	0.085587	97.269997
0.091008	97.258331	0.086818	97.269997
0.086749	97.338333	0.081051	97.459999
0.092567	97.260002	0.085728	97.389999
0.090339	97.269997	0.083954	97.389999
0.089518	97.296669	0.084193	97.440002
0.089175	97.271667	0.083528	97.279999
0.090744	97.345001	0.086277	97.290001
0.090346	97.261665	0.085087	97.309998
0.087570	97.346664	0.080800	97.529999
0.088701	97.331665	0.083493	97.510002
0.086042	97.433334	0.080809	97.599998
0.085510	97.328331	0.080948	97.489998
0.085755	97.348335	0.081017	97.430000
0.089665	97.323334	0.086206	97.260002
0.086889	97.415001	0.082295	97.470001
0.084315	97.471664	0.078901	97.599998
0.082369	97.516670	0.079313	97.570000
0.085715	97.498337	0.081472	97.559998
0.083864	97.551666	0.078194	97.599998
0.083272	97.455002	0.077321	97.470001
0.085206	97.400002	0.079121	97.430000
0.082554	97.561668	0.077781	97.580002
0.083067	97.443336	0.078812	97.550003
0.081246	97.605003	0.078419	97.570000
0.080011	97.568336	0.077315	97.709999
0.081283	97.650002	0.077038	97.699997
0.083040	97.605003	0.079646	97.599998
0.080481	97.606667	0.077558	97.669998
0.078938	97.628334	0.074222	97.730003
0.076542	97.650002	0.070616	97.809998
0.078685	97.513336	0.073275	97.669998
0.079241	97.543335	0.072443	97.739998
0.080608	97.466667	0.072419	97.589996
0.076827	97.589996	0.068875	97.849998
0.074406	97.754997	0.068106	97.900002
0.075411	97.660004	0.071753	97.790001
0.074879	97.711670	0.070476	97.870003
0.077783	97.656670	0.073063	97.809998
0.074431	97.705002	0.070442	97.699997
0.074887	97.723335	0.070717	97.839996
0.073281	97.791664	0.069540	97.889999
0.076443	97.681664	0.073107	97.760002
0.073627	97.714996	0.070687	97.730003
0.071909	97.808334	0.067522	97.970001
0.074192	97.720001	0.068280	97.889999
0.075569	97.706665	0.069394	97.860001
0.072406	97.845001	0.066396	98.010002
0.069949	97.866669	0.063407	98.089996
0.070985	97.796669	0.064355	97.970001
0.071051	97.878334	0.065573	98.059998
0.073922	97.763336	0.067409	97.949997
0.072412	97.868332	0.066130	97.980003
0.071650	97.891670	0.067614	97.989998
0.070898	97.879997	0.066156	98.070000
0.071339	97.815002	0.066100	98.010002
0.070986	97.848335	0.066350	97.970001
0.071254	97.926666	0.066263	98.089996
0.069827	97.943336	0.064351	98.150002
0.067594	97.958336	0.062765	98.139999
0.068579	97.938332	0.064311	98.190002
0.069576	97.885002	0.065870	98.059998
0.070080	97.963333	0.066546	98.040001
0.069982	97.949997	0.066290	98.019997
0.069017	97.915001	0.064938	98.059998
0.070877	97.889999	0.065029	98.010002
0.072311	97.824997	0.067755	97.930000
0.072974	97.779999	0.070354	97.940002
0.072885	97.830002	0.067949	98.019997
0.066648	98.000000	0.061122	98.180000
0.070319	97.856667	0.065089	98.029999
0.067715	97.978333	0.061581	98.120003
0.065598	98.031670	0.060489	98.250000
0.064027	98.029999	0.058685	98.209999
0.066114	98.050003	0.061766	98.190002
0.065765	97.966667	0.059699	98.150002
0.066094	97.986664	0.060475	98.220001
0.066534	98.053337	0.059964	98.250000
0.064301	98.070000	0.059413	98.260002
0.063786	98.080002	0.059874	98.239998
0.063091	98.128334	0.059611	98.309998
0.061977	98.110001	0.059683	98.150002
0.061615	98.129997	0.057343	98.300003
0.064707	98.029999	0.059407	98.120003
0.061693	98.105003	0.057367	98.220001
0.069983	97.838333	0.064910	97.889999
0.065818	97.976669	0.059706	98.080002
0.061300	98.154999	0.055872	98.339996
0.062411	98.148331	0.058061	98.290001
0.064198	98.068336	0.060216	98.279999
0.060434	98.201668	0.057520	98.330002
0.060500	98.205002	0.056937	98.260002
0.058885	98.245003	0.056744	98.239998
0.060307	98.178337	0.056803	98.309998
0.061676	98.198334	0.059730	98.230003
0.056072	98.269997	0.054106	98.440002
0.059000	98.250000	0.055481	98.379997
0.061496	98.150002	0.058786	98.370003
0.061617	98.171669	0.058195	98.330002
0.060194	98.221664	0.056968	98.400002
0.058207	98.218330	0.056484	98.400002
0.058507	98.235001	0.056822	98.389999
0.059595	98.191666	0.056620	98.410004
0.060544	98.166664	0.057355	98.370003
0.062023	98.131668	0.057103	98.470001
0.060673	98.216667	0.056616	98.430000
0.063708	98.144997	0.059908	98.339996
0.058656	98.214996	0.055852	98.410004
0.059413	98.206665	0.056348	98.379997
0.060376	98.209999	0.057977	98.389999
