1.982352	50.021667	1.977593	50.250000
0.873213	81.446663	0.853547	81.570000
0.461081	87.550003	0.442496	87.910004
0.332498	90.610001	0.315487	91.120003
0.280683	91.904999	0.263853	92.320000
0.241175	92.868332	0.222587	93.529999
0.211527	93.618332	0.195766	94.220001
0.194813	94.084999	0.181583	94.570000
0.179487	94.546669	0.166148	95.070000
0.177703	94.525002	0.166089	95.209999
0.163185	94.959999	0.150167	95.570000
0.150500	95.445000	0.140026	95.790001
0.144583	95.614998	0.135484	96.000000
0.139940	95.764999	0.130007	96.209999
0.138462	95.811668	0.129847	96.209999
0.132206	96.013336	0.124425	96.290001
0.132154	96.006668	0.123966	96.379997
0.133822	96.023331	0.127348	96.339996
0.125676	96.209999	0.116227	96.550003
0.121910	96.353333	0.114897	96.690002
0.120535	96.428337	0.113800	96.800003
0.115812	96.518333	0.109575	96.830002
0.116700	96.466667	0.110093	96.800003
0.116316	96.529999	0.109904	96.680000
0.120036	96.470001	0.114617	96.690002
0.115811	96.616669	0.109373	96.879997
0.113464	96.646667	0.106135	96.940002
0.112113	96.676666	0.104770	96.940002
0.106560	96.875000	0.101030	97.190002
0.105203	96.911667	0.098904	97.190002
0.106201	96.936668	0.100594	97.139999
0.104165	96.921669	0.099905	97.309998
0.099689	97.011665	0.095836	97.320000
0.096840	97.096664	0.093637	97.279999
0.099461	97.065002	0.095357	97.279999
0.096515	97.173332	0.092039	97.370003
0.099324	97.160004	0.094840	97.279999
0.099720	97.168335	0.095783	97.330002
0.097936	97.191666	0.093835	97.339996
0.093688	97.251663	0.091889	97.419998
0.091376	97.356667	0.089588	97.410004
0.091220	97.353333	0.088816	97.360001
0.090844	97.400002	0.089280	97.440002
0.090835	97.406670	0.087396	97.449997
0.087871	97.434998	0.083652	97.449997
0.088382	97.451668	0.084060	97.540001
0.088784	97.478333	0.084835	97.599998
0.088616	97.480003	0.085102	97.550003
0.085648	97.570000	0.083085	97.540001
0.086803	97.540001	0.085566	97.529999
0.087767	97.544998	0.086964	97.559998
0.087650	97.559998	0.085878	97.559998
0.084221	97.593330	0.083671	97.570000
0.084668	97.584999	0.083096	97.540001
0.080556	97.660004	0.078279	97.639999
0.084225	97.599998	0.081400	97.610001
0.081693	97.636665	0.080191	97.550003
0.081573	97.708336	0.080159	97.599998
0.078751	97.726669	0.078851	97.730003
0.080859	97.720001	0.080718	97.620003
0.080102	97.728333	0.080764	97.610001
0.080603	97.721664	0.081063	97.809998
0.078512	97.771667	0.077955	97.639999
0.074912	97.855003	0.074178	97.720001
0.077312	97.823334	0.077148	97.739998
0.077237	97.773331	0.079158	97.760002
0.074627	97.821663	0.074547	97.769997
0.074939	97.838333	0.074017	97.849998
0.073458	97.860001	0.073988	97.809998
0.072832	97.925003	0.073857	97.830002
0.077676	97.813332	0.079290	97.800003
0.078344	97.805000	0.079541	97.790001
0.076161	97.828331	0.078361	97.800003
0.073826	97.893333	0.074666	97.779999
0.073540	97.898331	0.074822	97.779999
0.071110	97.948334	0.069129	97.870003
0.072054	97.958336	0.071444	97.919998
0.073942	97.956665	0.072532	97.870003
0.074884	97.894997	0.075318	97.830002
0.073381	97.951668	0.072988	97.809998
0.073333	97.953331	0.072330	97.809998
0.073298	97.930000	0.073228	97.800003
0.071593	97.946663	0.071456	97.930000
0.069389	97.993332	0.070850	97.910004
0.071451	98.001663	0.069753	98.010002
0.070574	98.018333	0.069868	98.050003
0.068158	98.066666	0.068137	98.080002
0.067347	98.073334	0.066876	98.019997
0.067442	98.053337	0.068747	98.029999
0.067198	98.073334	0.067573	98.000000
0.067005	98.114998	0.067346	98.110001
0.065149	98.173332	0.064240	98.160004
0.066731	98.126663	0.065403	98.110001
0.065528	98.128334	0.064290	98.110001
0.064321	98.150002	0.062626	98.139999
0.065172	98.153336	0.061885	98.199997
0.062726	98.245003	0.058848	98.269997
0.064080	98.198334	0.059875	98.309998
0.064063	98.176666	0.060119	98.250000
0.065182	98.188332	0.061011	98.279999
0.067097	98.166664	0.063407	98.230003
0.064331	98.230003	0.061167	98.269997
0.063488	98.239998	0.059801	98.279999
0.064176	98.226669	0.060119	98.260002
0.063797	98.224998	0.059043	98.260002
0.065171	98.213333	0.060134	98.320000
0.065595	98.226669	0.060672	98.269997
0.063864	98.236664	0.061316	98.269997
0.064669	98.269997	0.060703	98.309998
0.062241	98.306664	0.059573	98.300003
0.063636	98.266670	0.060898	98.239998
0.064702	98.291664	0.060978	98.300003
0.062518	98.279999	0.058054	98.300003
0.063623	98.251663	0.058601	98.269997
0.063254	98.246666	0.059074	98.309998
0.060962	98.315002	0.056776	98.360001
0.063565	98.278336	0.059052	98.339996
0.062843	98.266670	0.058024	98.370003
0.060332	98.324997	0.056920	98.389999
0.060777	98.306664	0.057582	98.379997
0.063249	98.283333	0.059938	98.379997
0.059564	98.334999	0.055847	98.419998
0.058283	98.356667	0.055414	98.400002
0.059824	98.321663	0.056369	98.370003
0.057223	98.398331	0.054769	98.410004
0.057801	98.385002	0.056242	98.440002
0.057284	98.400002	0.055065	98.419998
0.057623	98.410004	0.054868	98.349998
0.057699	98.391670	0.055698	98.430000
0.059723	98.358330	0.058184	98.449997
0.058942	98.370003	0.056195	98.519997
0.058366	98.353333	0.056164	98.459999
0.055530	98.456665	0.054525	98.400002
0.055972	98.436668	0.053844	98.480003
0.055632	98.438332	0.054163	98.480003
0.055917	98.466667	0.055019	98.430000
0.053896	98.478333	0.052846	98.500000
0.054963	98.476669	0.054321	98.459999
0.055554	98.443336	0.054558	98.419998
0.054258	98.466667	0.051977	98.500000
0.053030	98.476669	0.051098	98.510002
0.053825	98.495003	0.051890	98.459999
0.053854	98.536667	0.052382	98.570000
0.055487	98.466667	0.054149	98.389999
0.055257	98.486664	0.054670	98.360001
0.053811	98.518333	0.052146	98.500000
0.053034	98.551666	0.050706	98.550003
0.054185	98.496666	0.051917	98.449997
0.053645	98.529999	0.052513	98.500000
0.054097	98.510002	0.051937	98.550003
0.052146	98.568336	0.050865	98.559998
0.053699	98.536667	0.052779	98.540001
0.053595	98.535004	0.052213	98.519997
0.055487	98.488335	0.054317	98.430000
0.053791	98.523331	0.053333	98.440002
0.051010	98.603333	0.049959	98.610001
0.049700	98.628334	0.050407	98.559998
0.052116	98.583336	0.051290	98.510002
0.050791	98.639999	0.050775	98.559998
0.051216	98.605003	0.050382	98.510002
0.052367	98.584999	0.052510	98.500000
0.051794	98.595001	0.052878	98.480003
0.050715	98.601669	0.050689	98.559998
0.052374	98.553337	0.052448	98.489998
0.052560	98.578331	0.052378	98.459999
0.051889	98.566666	0.052159	98.480003
0.051801	98.613335	0.050645	98.540001
0.052359	98.566666	0.052778	98.440002
0.053051	98.588333	0.051663	98.529999
0.053458	98.596664	0.053486	98.489998
0.054302	98.571663	0.055445	98.489998
0.052483	98.595001	0.053940	98.529999
0.051841	98.629997	0.051552	98.559998
0.051045	98.638336	0.051530	98.489998
0.050785	98.650002	0.049702	98.510002
0.050869	98.646667	0.050301	98.519997
0.053557	98.606667	0.053065	98.389999
0.052169	98.636665	0.052496	98.440002
0.051439	98.629997	0.050472	98.529999
0.052228	98.623337	0.052532	98.510002
0.050582	98.621666	0.049550	98.519997
0.049686	98.663330	0.047841	98.589996
0.048762	98.654999	0.047592	98.580002
0.050039	98.633331	0.049420	98.510002
0.051192	98.636665	0.050208	98.510002
0.050698	98.641670	0.048482	98.570000
0.051546	98.605003	0.050876	98.410004
0.049612	98.671669	0.048820	98.470001
0.052568	98.565002	0.050714	98.410004
0.052868	98.556664	0.051446	98.459999
0.051504	98.620003	0.050133	98.540001
0.052705	98.586670	0.052045	98.550003
0.049584	98.678337	0.048297	98.620003
0.050765	98.660004	0.048657	98.639999
0.048903	98.699997	0.048357	98.550003
0.051476	98.618332	0.051088	98.540001
0.052875	98.596664	0.052308	98.540001
0.048620	98.705002	0.048958	98.519997
0.051167	98.639999	0.050431	98.529999
0.050209	98.669998	0.048800	98.599998
