1.801755	53.756668	1.792015	55.009998
0.852646	79.441666	0.839971	80.169998
0.505646	86.118332	0.491100	86.709999
0.373963	88.985001	0.360613	89.459999
0.332927	89.858330	0.320234	90.489998
0.281364	91.446663	0.272877	91.820000
0.263682	92.160004	0.258397	92.500000
0.223324	93.261665	0.216387	93.660004
0.223556	93.171669	0.211980	93.900002
0.195569	93.995003	0.186432	94.400002
0.177841	94.656670	0.167664	95.120003
0.196228	94.003334	0.184947	94.519997
0.176261	94.790001	0.166048	95.000000
0.158460	95.218330	0.149005	95.360001
0.165811	95.006668	0.155893	95.180000
0.160716	95.243332	0.153427	95.500000
0.159913	95.211670	0.150805	95.589996
0.135650	95.903336	0.127500	96.089996
0.132284	96.053337	0.124344	96.190002
0.134912	95.991669	0.124708	96.220001
0.128793	96.091667	0.116494	96.309998
0.124708	96.281670	0.115052	96.500000
0.124878	96.248337	0.115168	96.440002
0.128783	96.201668	0.119389	96.449997
0.124143	96.268333	0.111628	96.639999
0.121939	96.373337	0.109818	96.680000
0.120361	96.406670	0.109487	96.730003
0.117244	96.563332	0.108652	96.589996
0.118179	96.416664	0.112785	96.709999
0.111718	96.618332	0.106171	96.769997
0.101636	96.860001	0.095065	96.959999
0.110336	96.726669	0.100750	97.010002
0.108229	96.696663	0.100108	96.820000
0.107573	96.741669	0.100341	96.839996
0.107720	96.779999	0.098254	96.830002
0.104720	96.879997	0.098255	96.949997
0.102448	96.945000	0.095047	97.080002
0.092569	97.230003	0.084238	97.339996
0.100289	96.991669	0.091970	97.269997
0.093111	97.209999	0.086088	97.339996
0.106435	96.916664	0.094277	97.070000
0.095653	97.146667	0.088870	97.160004
0.093126	97.248337	0.085330	97.500000
0.097685	97.183334	0.090876	97.309998
0.097653	97.148331	0.089401	97.260002
0.096926	97.188332	0.089516	97.209999
0.097110	97.165001	0.093314	97.330002
0.089784	97.378334	0.082631	97.400002
0.086697	97.434998	0.077650	97.489998
0.089730	97.366669	0.081002	97.480003
0.088815	97.388336	0.079843	97.400002
0.086106	97.481667	0.077312	97.620003
0.080981	97.578331	0.073214	97.709999
0.093448	97.291664	0.085763	97.410004
0.078229	97.621666	0.074110	97.639999
0.085068	97.496666	0.077957	97.470001
0.083031	97.536667	0.078346	97.699997
0.086555	97.523331	0.079456	97.669998
0.087200	97.449997	0.079286	97.599998
0.085998	97.441666	0.080287	97.660004
0.079584	97.675003	0.072200	97.839996
0.089936	97.398331	0.082625	97.550003
0.090813	97.445000	0.083454	97.589996
0.076979	97.733330	0.068801	97.830002
0.080046	97.656670	0.073518	97.720001
0.085900	97.531670	0.077329	97.720001
0.091259	97.451668	0.084644	97.459999
0.084675	97.603333	0.076242	97.690002
0.076416	97.805000	0.071136	97.860001
0.079109	97.745003	0.073212	97.809998
0.080340	97.661667	0.075063	97.800003
0.080808	97.605003	0.073482	97.739998
0.077433	97.724998	0.074016	97.739998
0.075646	97.824997	0.070920	97.809998
0.080809	97.711670	0.076491	97.720001
0.079363	97.686668	0.071786	97.800003
0.078340	97.758331	0.070467	97.750000
0.074000	97.881668	0.067854	97.879997
0.072886	97.879997	0.067159	97.889999
0.078711	97.768333	0.075807	97.910004
0.081298	97.695000	0.073662	97.800003
0.077060	97.851669	0.067526	97.879997
0.074412	97.856667	0.067153	97.959999
0.084998	97.653336	0.076551	97.699997
0.076493	97.786667	0.071763	97.800003
0.072132	97.893333	0.070611	97.809998
0.068663	97.964996	0.063469	98.129997
0.076492	97.855003	0.068678	98.120003
0.067947	98.016670	0.063115	98.129997
0.068225	98.068336	0.063187	98.120003
0.074080	97.955002	0.065679	98.010002
0.081985	97.773331	0.075106	97.860001
0.073362	97.966667	0.065790	98.050003
0.074391	97.948334	0.065941	98.050003
0.077192	97.871666	0.069713	97.930000
0.068283	98.070000	0.062331	98.080002
0.070799	97.901665	0.067593	98.000000
0.065187	98.148331	0.061130	98.169998
0.066762	98.113335	0.061543	98.260002
0.067081	98.099998	0.060154	98.209999
0.068607	98.035004	0.064756	98.110001
0.067779	98.071663	0.062684	98.169998
0.071131	98.065002	0.066313	98.029999
0.078049	97.894997	0.074650	97.889999
0.076548	97.938332	0.071728	98.080002
0.067431	98.111664	0.061402	98.279999
0.065832	98.135002	0.059281	98.250000
0.063419	98.184998	0.057810	98.360001
0.069457	98.038330	0.066776	98.099998
0.063247	98.139999	0.057191	98.309998
0.068078	98.093330	0.066145	98.050003
0.065961	98.071663	0.061592	98.169998
0.067222	98.078331	0.060344	98.199997
0.066714	98.070000	0.061219	98.250000
0.065150	98.193336	0.060752	98.220001
0.066222	98.188332	0.063189	98.139999
0.071024	98.050003	0.063625	98.169998
0.069346	98.063332	0.063708	98.279999
0.066454	98.126663	0.060424	98.180000
0.062761	98.253334	0.057449	98.430000
0.068281	98.131668	0.059951	98.360001
0.071972	97.970001	0.062980	98.220001
0.072867	97.931664	0.069240	97.989998
0.070344	98.000000	0.066000	98.160004
0.064121	98.176666	0.060324	98.309998
0.064722	98.245003	0.060928	98.279999
0.066119	98.118332	0.061577	98.279999
0.064485	98.176666	0.057812	98.349998
0.063273	98.214996	0.060280	98.349998
0.063209	98.209999	0.058900	98.419998
0.068415	98.106667	0.060643	98.190002
0.062212	98.263336	0.058239	98.419998
0.068217	98.133331	0.061372	98.339996
0.068801	98.074997	0.059904	98.300003
0.067323	98.160004	0.061339	98.370003
0.067475	98.136665	0.060816	98.279999
0.062444	98.186668	0.058189	98.260002
0.059393	98.336670	0.054172	98.480003
0.068427	98.091667	0.064241	98.220001
0.064114	98.213333	0.059141	98.389999
0.061175	98.260002	0.057018	98.419998
0.067450	98.141670	0.061534	98.209999
0.066654	98.125000	0.059653	98.279999
0.071315	98.133331	0.064338	98.309998
0.065038	98.173332	0.058705	98.300003
0.067628	98.091667	0.059974	98.250000
0.060401	98.288330	0.055649	98.470001
0.068285	98.153336	0.062558	98.239998
0.063026	98.263336	0.056460	98.489998
0.064799	98.169998	0.058000	98.269997
0.063551	98.209999	0.055616	98.440002
0.062656	98.241669	0.058727	98.309998
0.060594	98.290001	0.055915	98.449997
0.073161	98.036667	0.067798	98.300003
0.063703	98.239998	0.058535	98.470001
0.055365	98.443336	0.052826	98.470001
0.065022	98.251663	0.062474	98.290001
0.064553	98.203331	0.057723	98.330002
0.061846	98.275002	0.056812	98.300003
0.060708	98.278336	0.052945	98.459999
0.062234	98.283333	0.057089	98.419998
0.059494	98.360001	0.056061	98.500000
0.058075	98.386665	0.053906	98.620003
0.061399	98.296669	0.055942	98.410004
0.060098	98.331665	0.056876	98.410004
0.068186	98.199997	0.063687	98.360001
0.061245	98.366669	0.058983	98.410004
0.060082	98.336670	0.059417	98.330002
0.058354	98.375000	0.056015	98.440002
0.056022	98.441666	0.054744	98.470001
0.055440	98.438332	0.053289	98.430000
0.060982	98.349998	0.059876	98.410004
0.062627	98.326668	0.060798	98.449997
0.062990	98.224998	0.062766	98.230003
0.056303	98.404999	0.055639	98.440002
0.055976	98.428337	0.055691	98.419998
0.060748	98.248337	0.057378	98.330002
0.061862	98.355003	0.060758	98.510002
0.057655	98.441666	0.057606	98.419998
0.057409	98.474998	0.056202	98.379997
0.057961	98.410004	0.056322	98.300003
0.053942	98.523331	0.053902	98.529999
0.054999	98.519997	0.055878	98.389999
0.058815	98.449997	0.059344	98.500000
0.055713	98.463333	0.056771	98.480003
0.054698	98.511665	0.054667	98.510002
0.056882	98.448334	0.058815	98.389999
0.058105	98.394997	0.061172	98.349998
0.060933	98.334999	0.065181	98.320000
0.053931	98.491669	0.057321	98.410004
0.056934	98.443336	0.060947	98.360001
0.059651	98.408333	0.063557	98.320000
0.060429	98.410004	0.063427	98.260002
0.057235	98.458336	0.058351	98.489998
0.060962	98.408333	0.060942	98.400002
0.059754	98.474998	0.057547	98.449997
0.058394	98.400002	0.057179	98.360001
0.056730	98.445000	0.056174	98.419998
0.057107	98.483330	0.055998	98.480003
0.055553	98.461670	0.052297	98.599998
