1.838853	71.516670	1.831383	73.029999
0.714520	84.148331	0.691155	85.519997
0.446663	88.629997	0.423017	89.699997
0.330504	90.614998	0.313039	91.250000
0.272071	92.191666	0.255119	92.760002
0.244411	92.791664	0.228898	93.300003
0.220950	93.381668	0.205871	93.699997
0.203408	93.903336	0.190446	94.180000
0.190695	94.239998	0.178819	94.570000
0.184016	94.443336	0.171589	94.849998
0.173876	94.798332	0.161105	95.110001
0.164292	95.011665	0.155059	95.199997
0.157522	95.276665	0.149579	95.360001
0.147834	95.581665	0.137988	95.680000
0.143555	95.616669	0.132668	95.769997
0.139311	95.779999	0.128799	95.889999
0.139152	95.831665	0.129347	95.980003
0.132863	95.986664	0.122019	96.129997
0.131567	96.061668	0.120495	96.349998
0.131167	96.144997	0.118858	96.410004
0.125967	96.239998	0.112850	96.430000
0.121407	96.368332	0.110815	96.580002
0.120027	96.381668	0.110083	96.629997
0.117596	96.535004	0.107041	96.669998
0.116243	96.514999	0.105357	96.660004
0.116015	96.513336	0.105777	96.800003
0.116988	96.599998	0.109049	96.720001
0.111564	96.626663	0.103533	96.779999
0.109885	96.743332	0.100408	96.889999
0.106155	96.821663	0.098472	96.970001
0.107456	96.756668	0.099874	97.000000
0.106174	96.816666	0.097892	97.029999
0.104554	96.885002	0.098475	97.110001
0.105026	96.888336	0.098045	97.099998
0.105500	96.940002	0.095530	97.089996
0.101411	96.958336	0.093096	97.080002
0.102049	96.964996	0.094975	97.150002
0.099539	97.061668	0.092117	97.209999
0.098672	97.050003	0.092546	97.199997
0.098550	97.126663	0.091384	97.309998
0.097754	97.118332	0.089624	97.250000
0.097797	97.163330	0.088534	97.320000
0.099713	97.146667	0.090695	97.250000
0.095883	97.198334	0.087370	97.389999
0.096624	97.213333	0.091820	97.320000
0.092883	97.264999	0.085836	97.389999
0.092966	97.345001	0.086211	97.500000
0.094063	97.320000	0.089800	97.519997
0.089460	97.386665	0.084849	97.510002
0.090303	97.364998	0.083904	97.570000
0.088045	97.464996	0.082642	97.529999
0.088383	97.385002	0.083498	97.559998
0.086671	97.485001	0.080040	97.660004
0.087031	97.449997	0.080405	97.589996
0.084487	97.588333	0.078579	97.690002
0.085018	97.529999	0.080486	97.610001
0.086901	97.538330	0.082680	97.599998
0.084043	97.561668	0.079699	97.639999
0.083285	97.563332	0.079182	97.750000
0.083077	97.580002	0.079398	97.589996
0.082447	97.578331	0.079056	97.629997
0.081208	97.593330	0.077448	97.709999
0.082958	97.620003	0.079069	97.760002
0.081224	97.653336	0.078460	97.690002
0.081974	97.653336	0.079185	97.610001
0.078478	97.711670	0.076110	97.709999
0.076967	97.778336	0.074504	97.830002
0.077027	97.778336	0.074022	97.839996
0.077639	97.756668	0.074564	97.910004
0.074021	97.864998	0.070935	97.830002
0.076119	97.809998	0.074944	97.739998
0.073713	97.858330	0.071608	97.779999
0.075784	97.821663	0.072172	97.989998
0.073802	97.921669	0.070276	97.889999
0.076311	97.826668	0.074234	97.900002
0.075267	97.866669	0.071520	97.980003
0.074494	97.879997	0.070130	98.010002
0.074736	97.849998	0.070515	97.989998
0.074455	97.916664	0.069412	97.940002
0.076160	97.836670	0.070741	97.989998
0.077566	97.858330	0.072229	97.970001
0.074545	97.908333	0.068627	97.980003
0.074547	97.904999	0.068802	97.970001
0.073179	97.940002	0.067995	98.019997
0.073296	97.926666	0.067826	98.059998
0.073918	97.938332	0.069299	98.070000
0.074231	97.930000	0.070048	98.029999
0.069936	97.991669	0.065163	98.070000
0.069986	97.964996	0.064777	98.099998
0.069164	98.043335	0.064340	98.089996
0.071175	98.051666	0.066033	98.059998
0.068409	98.070000	0.063748	98.139999
0.067540	98.093330	0.061796	98.190002
0.068557	98.126663	0.063296	98.250000
0.069583	98.096664	0.063696	98.169998
0.067461	98.118332	0.059814	98.269997
0.067932	98.103333	0.059877	98.260002
0.066937	98.088333	0.057739	98.320000
0.066240	98.141670	0.058904	98.330002
0.070384	98.044998	0.063416	98.260002
0.065538	98.143333	0.059265	98.279999
0.065373	98.160004	0.058040	98.309998
0.063391	98.211670	0.056820	98.339996
0.067011	98.133331	0.060682	98.239998
0.065667	98.201668	0.058236	98.279999
0.066174	98.160004	0.059089	98.309998
0.066038	98.195000	0.059084	98.339996
0.065864	98.166664	0.060592	98.279999
0.066018	98.169998	0.059339	98.400002
0.064701	98.181664	0.059014	98.360001
0.067052	98.151665	0.060670	98.339996
0.064924	98.184998	0.059075	98.279999
0.062251	98.269997	0.056987	98.320000
0.062440	98.276665	0.055794	98.349998
0.064896	98.211670	0.058257	98.360001
0.066902	98.183334	0.060078	98.309998
0.062851	98.231667	0.057441	98.349998
0.063014	98.203331	0.057009	98.370003
0.061573	98.195000	0.057322	98.370003
0.062077	98.216667	0.058094	98.360001
0.059771	98.260002	0.055450	98.410004
0.059446	98.286667	0.055743	98.309998
0.058565	98.309998	0.054776	98.449997
0.062322	98.288330	0.057224	98.500000
0.063093	98.260002	0.058441	98.400002
0.061619	98.276665	0.055821	98.419998
0.060959	98.278336	0.056455	98.419998
0.061012	98.290001	0.055924	98.379997
0.061028	98.269997	0.056643	98.400002
0.062975	98.251663	0.057645	98.449997
0.063158	98.273331	0.058375	98.430000
0.062407	98.330002	0.057649	98.440002
0.060088	98.321663	0.055814	98.440002
0.057921	98.373337	0.051784	98.489998
0.058002	98.370003	0.052003	98.550003
0.059601	98.331665	0.053085	98.500000
0.059860	98.339996	0.054928	98.410004
0.058645	98.366669	0.053049	98.480003
0.057885	98.351669	0.052476	98.400002
0.057153	98.378334	0.051595	98.559998
0.057654	98.351669	0.052172	98.510002
0.058108	98.361664	0.052056	98.510002
0.058537	98.353333	0.053150	98.540001
0.057098	98.393333	0.050751	98.610001
0.057617	98.415001	0.051569	98.529999
0.059021	98.394997	0.052870	98.570000
0.056818	98.408333	0.050361	98.639999
0.058452	98.364998	0.051291	98.570000
0.057407	98.416664	0.049957	98.580002
0.058844	98.403336	0.052729	98.510002
0.057617	98.416664	0.051600	98.559998
0.056021	98.433334	0.050535	98.599998
0.057551	98.400002	0.051864	98.540001
0.057546	98.400002	0.050821	98.459999
0.058335	98.381668	0.051837	98.480003
0.055204	98.433334	0.049381	98.550003
0.056591	98.423332	0.050382	98.550003
0.055747	98.418335	0.050150	98.559998
0.055548	98.415001	0.050079	98.550003
0.055532	98.455002	0.051237	98.589996
0.056881	98.419998	0.052013	98.510002
0.054931	98.449997	0.048995	98.610001
0.054979	98.455002	0.048145	98.639999
0.054505	98.455002	0.047531	98.639999
0.054213	98.461670	0.047898	98.580002
0.054340	98.498337	0.048021	98.589996
0.055493	98.471664	0.050564	98.540001
0.053092	98.510002	0.048522	98.519997
0.053516	98.488335	0.048368	98.570000
0.055381	98.496666	0.049441	98.650002
0.055874	98.489998	0.048993	98.610001
0.055797	98.480003	0.048938	98.580002
0.053876	98.538330	0.048563	98.610001
0.052533	98.531670	0.045955	98.629997
0.055191	98.500000	0.048214	98.629997
0.057816	98.468330	0.050652	98.580002
0.055704	98.508331	0.049258	98.529999
0.055758	98.500000	0.049630	98.599998
0.053104	98.531670	0.046701	98.610001
0.053155	98.529999	0.047814	98.510002
0.053857	98.573334	0.048853	98.660004
0.054221	98.511665	0.049921	98.669998
0.056089	98.453331	0.050793	98.559998
0.053197	98.538330	0.048273	98.639999
0.053976	98.540001	0.048725	98.639999
0.052530	98.558334	0.046796	98.650002
0.053018	98.565002	0.047335	98.669998
0.054160	98.550003	0.049227	98.620003
0.054275	98.558334	0.049706	98.599998
0.051157	98.599998	0.046545	98.620003
0.052354	98.581665	0.047839	98.699997
0.053686	98.570000	0.048876	98.690002
0.053876	98.586670	0.049693	98.699997
0.053450	98.553337	0.050002	98.610001
0.054774	98.543335	0.051031	98.669998
0.055432	98.526665	0.051593	98.669998
0.054880	98.535004	0.051860	98.610001
0.052915	98.571663	0.048977	98.690002
0.053861	98.588333	0.049011	98.690002
0.054382	98.540001	0.049367	98.680000
