2.038991	36.939999	2.035200	37.439999
1.027073	75.886665	1.018513	76.349998
0.467416	89.014999	0.446829	89.570000
0.368951	90.184998	0.352060	90.919998
0.291679	91.953331	0.278887	92.500000
0.290869	91.366669	0.274752	91.980003
0.239072	93.110001	0.225464	93.500000
0.237340	93.160004	0.225694	93.559998
0.206263	93.991669	0.193969	94.419998
0.205501	93.910004	0.193824	94.269997
0.192251	94.241669	0.183635	94.809998
0.180291	94.750000	0.171035	95.089996
0.184716	94.676666	0.180516	94.940002
0.167250	95.051666	0.159808	95.349998
0.168287	94.881668	0.161482	95.320000
0.158213	95.311668	0.152791	95.540001
0.150435	95.485001	0.145922	95.620003
0.148221	95.631668	0.141450	95.820000
0.150275	95.556664	0.147556	95.730003
0.141539	95.675003	0.134760	96.110001
0.137364	95.838333	0.132433	96.220001
0.132494	96.000000	0.129402	96.250000
0.132482	96.008331	0.129423	96.250000
0.132805	96.091667	0.128417	96.419998
0.143323	95.748337	0.134601	95.900002
0.121012	96.426666	0.117213	96.610001
0.123488	96.398331	0.119805	96.699997
0.133726	96.110001	0.127918	96.389999
0.120086	96.328331	0.116336	96.580002
0.122285	96.379997	0.116765	96.639999
0.119071	96.396667	0.119198	96.610001
0.114008	96.576668	0.113431	96.790001
0.132270	95.998337	0.127760	96.330002
0.110178	96.665001	0.104997	96.889999
0.109627	96.756668	0.104951	96.900002
0.107224	96.821663	0.101909	97.080002
0.103853	96.806664	0.101891	96.959999
0.108256	96.663330	0.104857	96.970001
0.100475	96.871666	0.098932	97.070000
0.100823	96.904999	0.097579	97.040001
0.103164	96.913330	0.101764	97.000000
0.096045	97.121666	0.093056	97.320000
0.097620	97.073334	0.096085	97.250000
0.091202	97.205002	0.091397	97.330002
0.101621	97.029999	0.098406	97.199997
0.101365	97.043335	0.096669	97.230003
0.088358	97.386665	0.087571	97.550003
0.094991	97.126663	0.094948	97.309998
0.092302	97.146667	0.090235	97.360001
0.096687	97.068336	0.094861	97.190002
0.086763	97.434998	0.088115	97.449997
0.095371	97.059998	0.091222	97.300003
0.093141	97.231667	0.088651	97.440002
0.095450	97.285004	0.097365	97.379997
0.083502	97.558334	0.082755	97.650002
0.085322	97.506668	0.086623	97.629997
0.083587	97.538330	0.086717	97.629997
0.089904	97.290001	0.089512	97.230003
0.088166	97.473335	0.088392	97.589996
0.094800	97.253334	0.093751	97.320000
0.081970	97.606667	0.083172	97.739998
0.084423	97.603333	0.083696	97.680000
0.077940	97.684998	0.079016	97.699997
0.083543	97.495003	0.081249	97.529999
0.090231	97.273331	0.089142	97.209999
0.083257	97.658333	0.084019	97.760002
0.083250	97.581665	0.083550	97.620003
0.078472	97.646667	0.077115	97.769997
0.077872	97.648331	0.077188	97.779999
0.082606	97.623337	0.082793	97.779999
0.075281	97.808334	0.077201	97.959999
0.073498	97.849998	0.076777	97.820000
0.072559	97.849998	0.075469	97.790001
0.078146	97.758331	0.080386	97.809998
0.071771	97.860001	0.073556	97.949997
0.073365	97.793335	0.071459	97.900002
0.075645	97.876663	0.076366	97.860001
0.083914	97.629997	0.084372	97.769997
0.073912	97.916664	0.076120	97.930000
0.078567	97.678337	0.074710	97.709999
0.076015	97.836670	0.072017	98.000000
0.072880	97.921669	0.070464	98.050003
0.076708	97.735001	0.073402	97.839996
0.074502	97.831665	0.073096	97.860001
0.070231	97.946663	0.068473	98.120003
0.072671	97.885002	0.074958	97.970001
0.070818	97.951668	0.068315	98.129997
0.068529	98.013336	0.067177	98.129997
0.073206	97.885002	0.067215	98.150002
0.075480	97.888336	0.070909	98.080002
0.070214	98.008331	0.068681	97.889999
0.069365	97.985001	0.067459	98.019997
0.067961	98.038330	0.064260	98.050003
0.068864	97.978333	0.065362	98.089996
0.071923	98.018333	0.071203	98.010002
0.070612	97.991669	0.070361	98.059998
0.075907	97.921669	0.070355	98.150002
0.066390	98.148331	0.061238	98.260002
0.066555	98.080002	0.064159	98.160004
0.067997	98.073334	0.063791	98.120003
0.066741	98.016670	0.064815	98.089996
0.062116	98.139999	0.060657	98.230003
0.066855	98.098335	0.063577	98.190002
0.063191	98.150002	0.059455	98.269997
0.062552	98.199997	0.061484	98.300003
0.063452	98.214996	0.063217	98.180000
0.067386	98.065002	0.063910	98.190002
0.062731	98.183334	0.059448	98.389999
0.065943	98.180000	0.063929	98.269997
0.063406	98.223335	0.062188	98.160004
0.060947	98.281670	0.063211	98.300003
0.067864	98.114998	0.068314	98.190002
0.071657	98.026665	0.072048	98.059998
0.069265	98.158333	0.066975	98.129997
0.063160	98.235001	0.061152	98.309998
0.062780	98.243332	0.061626	98.290001
0.063820	98.235001	0.059568	98.360001
0.067592	98.165001	0.062915	98.360001
0.065453	98.144997	0.066064	98.150002
0.059044	98.315002	0.060894	98.300003
0.058920	98.283333	0.058996	98.279999
0.055749	98.389999	0.059050	98.239998
0.061343	98.256668	0.061562	98.209999
0.062442	98.238335	0.063095	98.279999
0.065633	98.144997	0.061891	98.260002
0.059068	98.339996	0.055988	98.330002
0.058917	98.334999	0.057430	98.300003
0.060530	98.316666	0.062606	98.279999
0.065156	98.226669	0.066722	98.180000
0.064536	98.228333	0.067343	98.180000
0.058675	98.308334	0.059439	98.250000
0.056860	98.333336	0.056986	98.269997
0.054741	98.458336	0.054023	98.470001
0.061594	98.293335	0.058463	98.349998
0.066201	98.184998	0.067642	98.190002
0.067660	98.168335	0.069214	98.150002
0.060103	98.254997	0.057556	98.309998
0.058480	98.308334	0.058912	98.239998
0.060891	98.331665	0.055471	98.370003
0.057669	98.348335	0.054022	98.419998
0.062844	98.283333	0.058709	98.339996
0.059936	98.279999	0.056426	98.279999
0.063906	98.275002	0.055329	98.449997
0.060498	98.381668	0.055535	98.419998
0.052441	98.495003	0.052543	98.459999
0.055319	98.430000	0.054554	98.500000
0.064339	98.231667	0.058601	98.309998
0.055610	98.381668	0.053392	98.389999
0.058711	98.294998	0.057458	98.400002
0.056587	98.433334	0.051999	98.480003
0.055271	98.426666	0.049851	98.540001
0.055971	98.415001	0.050750	98.519997
0.058275	98.373337	0.054238	98.500000
0.057945	98.370003	0.052521	98.559998
0.057625	98.341667	0.057409	98.339996
0.053674	98.463333	0.052832	98.480003
0.053567	98.488335	0.051924	98.510002
0.053602	98.446663	0.052922	98.370003
0.052437	98.466667	0.055351	98.430000
0.050913	98.546669	0.053584	98.430000
0.053332	98.491669	0.051887	98.419998
0.059135	98.388336	0.057942	98.430000
0.053331	98.521667	0.050807	98.519997
0.058866	98.419998	0.056085	98.440002
0.051040	98.558334	0.051044	98.550003
0.054658	98.523331	0.050299	98.519997
0.052086	98.548332	0.047273	98.550003
0.055889	98.521667	0.052651	98.489998
0.052724	98.526665	0.049303	98.510002
0.055838	98.440002	0.052960	98.489998
0.053341	98.468330	0.053370	98.410004
0.055892	98.451668	0.054393	98.500000
0.053722	98.485001	0.052646	98.449997
0.053455	98.498337	0.051125	98.550003
0.056843	98.488335	0.056824	98.430000
0.058877	98.448334	0.052720	98.559998
0.054548	98.485001	0.050368	98.559998
0.056364	98.488335	0.052222	98.559998
0.055007	98.486664	0.048684	98.660004
0.052707	98.529999	0.049238	98.599998
0.054035	98.464996	0.051404	98.580002
0.059070	98.416664	0.059180	98.459999
0.058269	98.431664	0.061553	98.440002
0.054101	98.518333	0.049644	98.550003
0.051451	98.526665	0.051427	98.500000
0.052805	98.561668	0.050197	98.660004
0.059204	98.458336	0.058173	98.529999
0.059415	98.466667	0.055611	98.529999
0.053536	98.574997	0.053664	98.550003
0.052043	98.601669	0.051878	98.519997
0.053137	98.586670	0.052385	98.589996
0.057595	98.503334	0.059077	98.410004
0.051260	98.620003	0.052380	98.470001
0.061442	98.401665	0.060102	98.379997
0.057486	98.521667	0.054673	98.559998
0.054289	98.551666	0.052961	98.519997
0.057056	98.431664	0.054201	98.510002
0.054601	98.555000	0.052024	98.599998
0.056872	98.529999	0.056631	98.470001
0.059244	98.474998	0.055784	98.540001
