2.072999	55.068333	2.070412	55.549999
1.256153	68.985001	1.236378	69.949997
0.686891	80.738335	0.671105	81.320000
0.466523	87.573334	0.451190	88.209999
0.356717	90.138336	0.346047	90.489998
0.302101	91.038330	0.292420	91.300003
0.274647	91.605003	0.266688	91.849998
0.231282	93.098335	0.222042	93.290001
0.220701	93.463333	0.216660	93.449997
0.204870	93.751663	0.199594	93.980003
0.191096	94.178337	0.184023	94.330002
0.188268	94.389999	0.183797	94.339996
0.176655	94.668335	0.171461	94.720001
0.165282	94.916664	0.162636	94.910004
0.169180	94.926666	0.166253	94.809998
0.159478	95.138336	0.154059	95.209999
0.157155	95.063332	0.151899	95.290001
0.155242	95.129997	0.151759	95.349998
0.148360	95.528336	0.142300	95.639999
0.146514	95.603333	0.140455	95.779999
0.142424	95.701668	0.138464	95.739998
0.142135	95.760002	0.141708	95.809998
0.135482	95.956665	0.132432	95.980003
0.127150	96.096664	0.122057	96.169998
0.133358	95.970001	0.128682	96.129997
0.128440	96.118332	0.124154	96.220001
0.127304	96.273331	0.123819	96.199997
0.122078	96.425003	0.117534	96.480003
0.120522	96.410004	0.116057	96.489998
0.124781	96.381668	0.118940	96.550003
0.120557	96.483330	0.113895	96.540001
0.122403	96.451668	0.117851	96.550003
0.116989	96.551666	0.111914	96.639999
0.119521	96.556664	0.113334	96.699997
0.122144	96.583336	0.114513	96.690002
0.123283	96.518333	0.117110	96.690002
0.112443	96.653336	0.106496	96.750000
0.113013	96.598335	0.107710	96.720001
0.112522	96.589996	0.108628	96.900002
0.108850	96.683334	0.105512	96.900002
0.105554	96.828331	0.103145	97.019997
0.107425	96.824997	0.103741	96.980003
0.107897	96.776665	0.103209	96.910004
0.104892	96.906670	0.100017	97.010002
0.107396	96.889999	0.104705	96.970001
0.103740	96.928337	0.100574	97.099998
0.100122	96.976669	0.097650	97.139999
0.100690	96.993332	0.097302	96.989998
0.100414	97.035004	0.097044	97.150002
0.097098	97.021667	0.092890	97.290001
0.099793	97.056664	0.095108	97.220001
0.096525	97.150002	0.091611	97.220001
0.096294	97.176666	0.090702	97.320000
0.096051	97.091667	0.089620	97.160004
0.094295	97.195000	0.091198	97.320000
0.094173	97.193336	0.089450	97.230003
0.095180	97.224998	0.091593	97.300003
0.094083	97.230003	0.089270	97.370003
0.093174	97.303337	0.088336	97.330002
0.095433	97.279999	0.086972	97.480003
0.092524	97.293335	0.086251	97.599998
0.093312	97.321663	0.089685	97.519997
0.092414	97.275002	0.088187	97.470001
0.094635	97.273331	0.089519	97.580002
0.093502	97.339996	0.088419	97.550003
0.093488	97.279999	0.088024	97.540001
0.092314	97.290001	0.089029	97.500000
0.089656	97.379997	0.084544	97.599998
0.093203	97.324997	0.089586	97.459999
0.090590	97.440002	0.086915	97.480003
0.089233	97.419998	0.085306	97.589996
0.090248	97.410004	0.085580	97.570000
0.092788	97.371666	0.088491	97.580002
0.091502	97.408333	0.087586	97.529999
0.088501	97.498337	0.084477	97.589996
0.089408	97.468330	0.084996	97.669998
0.088609	97.451668	0.083252	97.570000
0.097026	97.305000	0.090846	97.419998
0.095379	97.373337	0.090257	97.529999
0.092132	97.503334	0.088715	97.589996
0.091780	97.488335	0.087259	97.680000
0.093570	97.436668	0.089337	97.620003
0.092301	97.488335	0.088872	97.599998
0.090103	97.473335	0.084797	97.750000
0.087536	97.598335	0.082414	97.779999
0.084164	97.598335	0.080010	97.790001
0.086682	97.586670	0.082576	97.709999
0.086085	97.581665	0.082071	97.730003
0.084563	97.646667	0.080323	97.760002
0.084346	97.581665	0.081136	97.690002
0.084890	97.566666	0.082099	97.669998
0.083997	97.658333	0.079172	97.750000
0.085403	97.598335	0.079917	97.790001
0.085713	97.596664	0.080574	97.790001
0.082762	97.598335	0.076275	97.750000
0.086480	97.583336	0.081443	97.750000
0.083155	97.641670	0.079746	97.769997
0.082107	97.731667	0.077424	97.879997
0.082348	97.699997	0.078570	97.750000
0.082675	97.713333	0.078695	97.910004
0.082932	97.666664	0.078816	97.879997
0.083514	97.690002	0.076616	97.889999
0.082734	97.714996	0.076869	97.900002
0.080416	97.701668	0.076344	97.930000
0.078336	97.826668	0.075214	97.919998
0.079743	97.821663	0.076378	97.970001
0.080610	97.750000	0.078032	97.769997
0.079058	97.834999	0.075693	97.900002
0.079466	97.785004	0.076376	97.849998
0.078595	97.796669	0.074663	97.849998
0.077600	97.816666	0.075915	97.870003
0.078028	97.875000	0.075265	97.980003
0.076777	97.875000	0.074067	97.910004
0.075808	97.839996	0.072693	97.889999
0.079016	97.803337	0.076135	97.879997
0.078737	97.826668	0.076929	97.790001
0.074582	97.903336	0.071029	97.919998
0.072956	97.934998	0.071602	97.970001
0.073521	97.916664	0.070736	97.949997
0.075666	97.931664	0.074608	97.940002
0.075115	97.940002	0.073440	97.949997
0.076380	97.841667	0.073682	97.839996
0.078589	97.781670	0.077500	97.860001
0.073075	97.961670	0.070129	98.059998
0.072448	97.963333	0.070041	98.000000
0.069764	98.066666	0.067932	97.910004
0.070829	98.053337	0.067423	98.050003
0.072095	98.046669	0.070474	98.019997
0.072991	97.958336	0.071881	97.930000
0.068848	98.099998	0.066653	98.040001
0.067872	98.078331	0.067544	98.050003
0.069543	98.036667	0.068777	98.000000
0.068364	98.068336	0.067942	98.019997
0.067420	98.091667	0.067633	98.050003
0.070485	97.946663	0.068022	98.000000
0.071288	98.033333	0.069689	98.059998
0.071409	97.998337	0.067118	98.099998
0.070189	98.035004	0.066225	98.129997
0.065961	98.148331	0.064337	98.190002
0.068668	98.074997	0.064882	98.120003
0.067796	98.084999	0.065050	98.169998
0.069035	98.036667	0.065343	98.190002
0.064523	98.166664	0.061501	98.250000
0.065435	98.121666	0.062639	98.150002
0.069716	98.106667	0.065221	98.250000
0.067810	98.125000	0.064648	98.199997
0.068807	98.070000	0.064945	98.089996
0.062181	98.216667	0.059173	98.309998
0.065732	98.193336	0.063286	98.220001
0.065836	98.144997	0.063374	98.139999
0.066458	98.110001	0.064258	98.190002
0.063390	98.213333	0.062169	98.260002
0.060925	98.241669	0.058727	98.220001
0.063093	98.180000	0.062541	98.199997
0.064235	98.178337	0.063128	98.320000
0.066342	98.093330	0.064568	98.139999
0.064286	98.126663	0.063807	98.220001
0.070711	98.044998	0.069454	98.080002
0.072004	97.936668	0.070949	98.059998
0.067274	98.126663	0.067708	98.209999
0.064889	98.048332	0.066462	98.099998
0.062730	98.176666	0.062883	98.239998
0.066037	98.136665	0.065390	98.180000
0.061846	98.224998	0.061358	98.279999
0.062649	98.214996	0.061024	98.279999
0.065534	98.173332	0.064681	98.309998
0.063589	98.238335	0.061862	98.300003
0.064353	98.154999	0.064643	98.260002
0.062395	98.248337	0.061697	98.309998
0.064565	98.201668	0.061904	98.250000
0.062021	98.286667	0.059951	98.360001
0.059650	98.268333	0.056637	98.339996
0.060808	98.290001	0.059450	98.320000
0.062185	98.231667	0.059433	98.320000
0.067440	98.099998	0.063772	98.239998
0.061234	98.278336	0.059305	98.290001
0.062314	98.236664	0.060279	98.279999
0.060093	98.250000	0.059427	98.339996
0.063306	98.153336	0.062003	98.279999
0.064331	98.195000	0.061619	98.360001
0.055510	98.351669	0.055101	98.360001
0.057793	98.334999	0.057827	98.309998
0.059454	98.253334	0.058586	98.290001
0.059520	98.238335	0.058047	98.309998
0.058943	98.278336	0.057176	98.419998
0.059158	98.313332	0.057262	98.379997
0.055429	98.383331	0.055411	98.459999
0.053916	98.440002	0.054168	98.510002
0.055316	98.363335	0.055758	98.389999
0.055341	98.366669	0.055553	98.339996
0.057034	98.388336	0.057943	98.370003
0.059257	98.351669	0.059464	98.419998
0.062913	98.285004	0.062776	98.339996
0.059179	98.363335	0.058689	98.389999
0.059787	98.326668	0.058731	98.440002
0.060587	98.338333	0.060723	98.309998
0.061742	98.318336	0.062652	98.250000
0.061108	98.269997	0.060419	98.279999
0.057137	98.364998	0.057072	98.379997
0.055881	98.379997	0.057200	98.470001
