1.944785	54.048332	1.942727	54.869999
0.860944	78.256668	0.845082	78.519997
0.537264	84.481667	0.521431	85.169998
0.453762	87.113335	0.436096	87.739998
0.343494	90.023331	0.331047	90.589996
0.307648	91.121666	0.295509	91.790001
0.298244	90.643333	0.290390	91.070000
0.281789	91.388336	0.265225	92.250000
0.240875	92.788330	0.229857	93.440002
0.217948	93.341667	0.209544	93.870003
0.190672	94.251663	0.182125	94.459999
0.204034	93.891670	0.195249	94.220001
0.176385	94.578331	0.167898	94.739998
0.180886	94.593330	0.171817	94.669998
0.177148	94.720001	0.165676	94.970001
0.174514	94.764999	0.168883	94.800003
0.174525	94.871666	0.168794	95.099998
0.146115	95.639999	0.141534	95.769997
0.151490	95.421669	0.150143	95.379997
0.154582	95.309998	0.152860	95.330002
0.140214	95.718330	0.134422	96.019997
0.149660	95.410004	0.146013	95.629997
0.150461	95.468330	0.146583	95.709999
0.129729	96.048332	0.127026	96.099998
0.140618	95.868332	0.133742	96.169998
0.149589	95.708336	0.142515	95.930000
0.152703	95.593330	0.145760	95.839996
0.142177	95.826668	0.134898	96.080002
0.137064	96.043335	0.130354	96.190002
0.162300	95.544998	0.150622	95.889999
0.143660	95.769997	0.136883	95.959999
0.136169	96.081665	0.130232	96.349998
0.125722	96.348335	0.119383	96.500000
0.120689	96.528336	0.115096	96.690002
0.115924	96.544998	0.113263	96.620003
0.120625	96.485001	0.118998	96.599998
0.125041	96.470001	0.120861	96.650002
0.115072	96.643333	0.114591	96.839996
0.112789	96.730003	0.112184	96.580002
0.118711	96.551666	0.116947	96.720001
0.116709	96.519997	0.114977	96.580002
0.111596	96.808334	0.111099	96.879997
0.144525	95.894997	0.143083	96.019997
0.128470	96.343330	0.125933	96.440002
0.104690	96.991669	0.102462	97.070000
0.115531	96.721664	0.108899	96.769997
0.117128	96.653336	0.113808	96.629997
0.107129	96.976669	0.108167	97.059998
0.104597	97.083336	0.103951	97.099998
0.103713	96.946663	0.102119	96.930000
0.103947	97.050003	0.100117	97.309998
0.104976	96.933334	0.102506	96.900002
0.100339	97.121666	0.099317	97.230003
0.094956	97.193336	0.092982	97.139999
0.095956	97.220001	0.093048	97.370003
0.095936	97.203331	0.093615	97.309998
0.095137	97.243332	0.096622	97.330002
0.100964	97.111664	0.099903	97.239998
0.100702	97.129997	0.096768	97.349998
0.087863	97.376663	0.084416	97.470001
0.088740	97.404999	0.085953	97.449997
0.089253	97.326668	0.085421	97.379997
0.091714	97.378334	0.090159	97.389999
0.088481	97.379997	0.085752	97.269997
0.090731	97.318336	0.086618	97.360001
0.088437	97.504997	0.083574	97.580002
0.082334	97.511665	0.081236	97.510002
0.084482	97.558334	0.082806	97.559998
0.094394	97.301666	0.091811	97.349998
0.082216	97.681664	0.079038	97.730003
0.085356	97.608330	0.081565	97.660004
0.078942	97.698334	0.077404	97.660004
0.088280	97.480003	0.087320	97.470001
0.091688	97.491669	0.088786	97.510002
0.079541	97.625000	0.077702	97.610001
0.079448	97.714996	0.077954	97.650002
0.078321	97.779999	0.077441	97.730003
0.086065	97.563332	0.084621	97.489998
0.080604	97.686668	0.079813	97.660004
0.083236	97.646667	0.082958	97.529999
0.101763	97.309998	0.097971	97.459999
0.084292	97.650002	0.081454	97.769997
0.085066	97.673332	0.082540	97.760002
0.080320	97.643333	0.079822	97.760002
0.077411	97.696663	0.074178	97.680000
0.082550	97.676666	0.081143	97.730003
0.080526	97.673332	0.081391	97.699997
0.078885	97.785004	0.076352	97.769997
0.083216	97.591667	0.081379	97.669998
0.076661	97.760002	0.074835	97.860001
0.076113	97.846664	0.076039	97.879997
0.073536	97.945000	0.071168	97.980003
0.074339	97.901665	0.072140	97.949997
0.076195	97.908333	0.071644	97.980003
0.070754	97.930000	0.069526	97.970001
0.073841	97.891670	0.073820	97.910004
0.078374	97.820000	0.077294	97.860001
0.075380	97.928337	0.075149	97.900002
0.074623	97.923332	0.073266	97.889999
0.079390	97.808334	0.077526	97.839996
0.073403	97.901665	0.074003	97.790001
0.067625	97.966667	0.066904	97.870003
0.071216	97.991669	0.069480	97.989998
0.074405	97.910004	0.075094	97.959999
0.066419	98.031670	0.067621	98.070000
0.065308	98.125000	0.063944	98.040001
0.073413	97.971664	0.071496	98.000000
0.071384	97.961670	0.069924	97.889999
0.069437	97.956665	0.069041	97.900002
0.071673	97.886665	0.073270	97.849998
0.070999	98.006668	0.071766	97.949997
0.069525	97.986664	0.069871	97.919998
0.069508	97.980003	0.067854	97.879997
0.072242	98.021667	0.070222	98.010002
0.065182	98.136665	0.063667	98.120003
0.074401	97.923332	0.070679	97.809998
0.070870	97.998337	0.067712	97.980003
0.067978	97.993332	0.066697	97.949997
0.065251	98.101669	0.063057	98.099998
0.065269	98.165001	0.064853	98.190002
0.070028	98.046669	0.074365	97.989998
0.064946	98.093330	0.064700	98.160004
0.065400	98.143333	0.065463	98.150002
0.062258	98.205002	0.060938	98.209999
0.062082	98.183334	0.059518	98.150002
0.068758	97.998337	0.065519	98.089996
0.063766	98.181664	0.064801	98.150002
0.059828	98.180000	0.058653	98.099998
0.060267	98.228333	0.059283	98.160004
0.060841	98.308334	0.062070	98.120003
0.060851	98.309998	0.062936	98.169998
0.065606	98.191666	0.068712	98.040001
0.059195	98.333336	0.060970	98.199997
0.062081	98.258331	0.065140	98.139999
0.058610	98.306664	0.059334	98.320000
0.061767	98.213333	0.061513	98.220001
0.058734	98.296669	0.057063	98.269997
0.064995	98.183334	0.064889	98.180000
0.066420	98.165001	0.067865	98.180000
0.066218	98.176666	0.066128	98.160004
0.057523	98.324997	0.056992	98.330002
0.064702	98.120003	0.062425	98.120003
0.061348	98.298332	0.061832	98.300003
0.068050	98.153336	0.069700	98.089996
0.063217	98.199997	0.067145	98.160004
0.062196	98.254997	0.063375	98.290001
0.056463	98.366669	0.058998	98.250000
0.063282	98.208336	0.064444	98.239998
0.066108	98.178337	0.065552	98.199997
0.066258	98.199997	0.067849	98.199997
0.059722	98.348335	0.062069	98.279999
0.059885	98.328331	0.059725	98.300003
0.061865	98.248337	0.063649	98.199997
0.063282	98.291664	0.064954	98.290001
0.064046	98.213333	0.062862	98.250000
0.065248	98.218330	0.063851	98.269997
0.063169	98.303337	0.065835	98.190002
0.062844	98.309998	0.066230	98.190002
0.059155	98.330002	0.060843	98.199997
0.061971	98.293335	0.063520	98.150002
0.059972	98.353333	0.063113	98.279999
0.059600	98.378334	0.062579	98.209999
0.058165	98.389999	0.060727	98.320000
0.065643	98.279999	0.067708	98.260002
0.057558	98.413330	0.060400	98.209999
0.062678	98.320000	0.062198	98.260002
0.058509	98.358330	0.059230	98.320000
0.069001	98.193336	0.068656	98.160004
0.058190	98.363335	0.058349	98.220001
0.056330	98.433334	0.059074	98.290001
0.065804	98.256668	0.067258	98.279999
0.060340	98.339996	0.063397	98.230003
0.054118	98.430000	0.055534	98.389999
0.058385	98.396667	0.057461	98.370003
0.060054	98.346664	0.066419	98.250000
0.056453	98.445000	0.061000	98.309998
0.060682	98.375000	0.063035	98.150002
0.064147	98.175003	0.064825	98.080002
0.055336	98.425003	0.058071	98.300003
0.058598	98.401665	0.061562	98.230003
0.064783	98.163330	0.066120	98.050003
0.064566	98.268333	0.070861	98.029999
0.061367	98.311668	0.062536	98.169998
0.060599	98.334999	0.060942	98.250000
0.061316	98.360001	0.063318	98.150002
0.064976	98.286667	0.072073	98.059998
0.064643	98.243332	0.070490	98.040001
0.061855	98.364998	0.068094	98.150002
0.058344	98.388336	0.060294	98.239998
0.056070	98.426666	0.056424	98.209999
0.060469	98.376663	0.064493	98.209999
0.061731	98.356667	0.066390	98.190002
0.060202	98.394997	0.061832	98.239998
0.054807	98.434998	0.055610	98.400002
0.062605	98.324997	0.065876	98.309998
0.065048	98.300003	0.068973	98.190002
0.057325	98.445000	0.059728	98.269997
0.065573	98.248337	0.068694	98.169998
0.061564	98.379997	0.063083	98.220001
0.056179	98.508331	0.057565	98.300003
