1.914933	70.303337	1.908358	70.370003
0.771750	80.813332	0.754114	80.849998
0.467012	87.066666	0.451310	87.260002
0.355791	89.531670	0.342364	89.629997
0.307834	90.861664	0.297839	91.400002
0.267794	91.951668	0.256736	92.300003
0.246912	92.635002	0.235697	92.989998
0.227695	93.091667	0.217014	93.470001
0.210519	93.550003	0.200840	94.000000
0.197834	93.978333	0.190236	94.260002
0.194019	94.190002	0.183306	94.480003
0.176512	94.556664	0.169706	94.809998
0.171940	94.724998	0.163587	95.110001
0.162952	94.986664	0.155319	95.309998
0.154244	95.268333	0.146301	95.580002
0.147452	95.443336	0.140247	95.650002
0.143984	95.618332	0.134692	95.750000
0.139097	95.781670	0.131926	96.099998
0.136218	95.873337	0.128923	96.120003
0.131238	96.046669	0.124707	96.239998
0.129180	96.105003	0.120993	96.320000
0.127897	96.161667	0.120916	96.430000
0.127961	96.150002	0.122657	96.360001
0.120262	96.425003	0.116724	96.519997
0.119436	96.410004	0.114539	96.570000
0.121290	96.416664	0.114688	96.540001
0.117341	96.533333	0.110204	96.779999
0.111198	96.666664	0.107845	96.870003
0.108361	96.756668	0.102696	97.080002
0.107042	96.773331	0.103048	97.000000
0.104560	96.849998	0.101115	97.099998
0.101910	96.921669	0.101314	97.099998
0.101087	96.991669	0.100326	97.120003
0.102408	96.961670	0.100500	97.160004
0.102526	97.044998	0.101101	97.220001
0.096622	97.105003	0.095099	97.290001
0.098580	97.101669	0.096900	97.269997
0.095863	97.136665	0.094602	97.360001
0.094822	97.165001	0.094263	97.309998
0.092115	97.250000	0.091435	97.449997
0.090852	97.334999	0.089745	97.480003
0.094099	97.253334	0.094551	97.330002
0.090188	97.371666	0.090602	97.440002
0.090327	97.358330	0.092907	97.360001
0.090180	97.361664	0.088990	97.459999
0.088990	97.440002	0.087990	97.519997
0.086275	97.491669	0.085700	97.559998
0.088480	97.458336	0.088681	97.570000
0.085436	97.508331	0.085880	97.489998
0.084886	97.550003	0.084933	97.580002
0.085209	97.563332	0.084905	97.559998
0.085233	97.576668	0.084156	97.589996
0.083704	97.613335	0.084602	97.720001
0.085753	97.580002	0.087080	97.690002
0.081413	97.628334	0.081554	97.709999
0.082118	97.635002	0.081982	97.760002
0.081054	97.651665	0.081367	97.699997
0.081454	97.714996	0.082948	97.699997
0.084341	97.654999	0.086489	97.669998
0.078001	97.778336	0.078967	97.790001
0.078113	97.790001	0.080748	97.680000
0.075515	97.839996	0.077513	97.860001
0.075540	97.866669	0.076019	97.820000
0.073209	97.898331	0.073359	97.989998
0.074352	97.889999	0.074936	97.839996
0.075486	97.896667	0.076317	97.989998
0.071319	97.943336	0.073262	97.900002
0.075297	97.926666	0.078491	97.889999
0.073627	97.919998	0.077324	97.849998
0.070254	97.953331	0.073506	97.989998
0.072587	97.925003	0.075048	97.949997
0.072111	97.951668	0.073619	98.010002
0.071251	97.980003	0.073914	98.010002
0.071029	98.029999	0.072107	97.930000
0.069117	98.061668	0.070027	98.019997
0.071288	98.021667	0.071349	98.099998
0.069495	98.044998	0.071318	97.989998
0.071313	98.071663	0.072072	97.930000
0.068777	98.106667	0.069808	98.070000
0.069292	98.111664	0.069152	98.070000
0.067428	98.143333	0.068437	98.110001
0.069357	98.121666	0.069526	98.089996
0.068851	98.105003	0.070757	98.120003
0.068660	98.151665	0.069440	98.139999
0.068868	98.148331	0.069328	98.139999
0.069255	98.168335	0.069643	98.120003
0.067053	98.209999	0.067622	98.150002
0.067386	98.188332	0.068307	98.220001
0.065859	98.203331	0.067288	98.129997
0.065957	98.235001	0.066811	98.209999
0.063770	98.223335	0.063380	98.169998
0.062727	98.256668	0.061782	98.220001
0.064215	98.214996	0.064167	98.150002
0.063829	98.254997	0.062668	98.139999
0.066347	98.184998	0.064534	98.139999
0.063802	98.261665	0.061348	98.290001
0.064262	98.273331	0.063193	98.260002
0.063622	98.264999	0.061379	98.309998
0.061600	98.296669	0.058632	98.330002
0.061831	98.293335	0.059944	98.260002
0.060333	98.339996	0.059341	98.260002
0.059640	98.336670	0.056775	98.320000
0.062112	98.301666	0.059217	98.260002
0.060192	98.323334	0.058351	98.279999
0.061550	98.291664	0.061038	98.250000
0.060911	98.328331	0.058476	98.309998
0.059256	98.339996	0.056789	98.349998
0.059601	98.328331	0.057162	98.309998
0.056028	98.411667	0.053530	98.389999
0.059926	98.363335	0.058499	98.339996
0.058689	98.360001	0.055633	98.370003
0.056920	98.416664	0.054690	98.389999
0.059175	98.386665	0.057644	98.349998
0.056917	98.433334	0.054893	98.379997
0.059714	98.404999	0.057953	98.309998
0.059087	98.364998	0.058521	98.330002
0.058549	98.401665	0.057138	98.360001
0.056025	98.438332	0.053781	98.489998
0.056179	98.449997	0.054685	98.470001
0.058079	98.423332	0.056497	98.370003
0.057114	98.431664	0.055351	98.410004
0.058962	98.394997	0.057999	98.370003
0.056152	98.430000	0.056542	98.349998
0.055702	98.440002	0.055727	98.339996
0.055522	98.451668	0.055108	98.330002
0.057619	98.404999	0.058740	98.330002
0.057002	98.421669	0.056267	98.370003
0.054253	98.434998	0.054377	98.320000
0.054756	98.483330	0.055237	98.320000
0.057086	98.410004	0.058675	98.330002
0.056704	98.445000	0.058163	98.349998
0.057245	98.416664	0.059141	98.320000
0.054192	98.449997	0.054533	98.379997
0.055423	98.480003	0.056083	98.330002
0.054245	98.489998	0.053170	98.459999
0.057124	98.426666	0.056047	98.379997
0.057169	98.453331	0.054658	98.330002
0.053788	98.511665	0.052576	98.430000
0.054731	98.478333	0.055311	98.430000
0.054497	98.503334	0.054524	98.430000
0.054042	98.521667	0.054434	98.370003
0.052958	98.526665	0.052461	98.410004
0.052886	98.538330	0.052556	98.430000
0.054211	98.533333	0.053568	98.440002
0.055552	98.525002	0.053857	98.449997
0.055404	98.513336	0.054161	98.430000
0.054635	98.548332	0.053426	98.430000
0.055137	98.513336	0.055419	98.349998
0.053884	98.571663	0.052687	98.410004
0.052609	98.608330	0.051293	98.419998
0.053494	98.610001	0.053211	98.430000
0.054429	98.573334	0.052796	98.500000
0.054086	98.546669	0.052938	98.459999
0.055223	98.510002	0.053943	98.459999
0.053982	98.529999	0.053821	98.459999
0.052992	98.541664	0.051362	98.489998
0.054066	98.599998	0.052683	98.419998
0.053224	98.586670	0.050997	98.500000
0.051936	98.591667	0.050980	98.510002
0.054330	98.546669	0.052775	98.489998
0.052995	98.555000	0.051849	98.470001
0.052245	98.603333	0.050686	98.519997
0.050475	98.631668	0.047206	98.599998
0.050696	98.620003	0.047759	98.540001
0.052066	98.583336	0.049645	98.529999
0.053801	98.595001	0.052494	98.470001
0.054146	98.595001	0.052373	98.500000
0.053582	98.578331	0.051081	98.510002
0.052966	98.593330	0.051282	98.500000
0.052899	98.606667	0.050391	98.500000
0.053115	98.623337	0.049593	98.540001
0.053690	98.601669	0.050110	98.540001
0.051660	98.618332	0.048333	98.589996
0.053571	98.589996	0.050257	98.470001
0.053887	98.589996	0.050985	98.470001
0.052704	98.605003	0.051223	98.489998
0.053452	98.591667	0.051930	98.459999
0.052646	98.605003	0.050620	98.559998
0.052020	98.666664	0.049676	98.510002
0.051777	98.635002	0.049632	98.459999
0.051972	98.638336	0.049101	98.620003
0.051277	98.628334	0.048272	98.589996
0.051806	98.621666	0.048640	98.529999
0.049985	98.644997	0.047593	98.610001
0.051248	98.668335	0.048236	98.570000
0.050703	98.661667	0.048882	98.570000
0.051521	98.639999	0.049301	98.599998
0.052376	98.638336	0.049714	98.589996
0.050119	98.688332	0.047441	98.639999
0.051514	98.673332	0.048272	98.629997
0.052378	98.638336	0.049349	98.550003
0.050717	98.678337	0.048650	98.629997
0.051044	98.668335	0.049502	98.620003
0.051167	98.658333	0.049161	98.559998
0.050547	98.681664	0.047660	98.570000
0.051996	98.646667	0.050454	98.510002
0.052571	98.626663	0.048708	98.550003
0.050759	98.676666	0.048692	98.559998
0.050865	98.666664	0.048448	98.550003
0.051035	98.680000	0.048674	98.519997
