1.866996	40.358334	1.862150	41.009998
0.858261	82.086670	0.833879	83.419998
0.537192	86.339996	0.522194	86.790001
0.387235	89.044998	0.373397	89.570000
0.336658	90.745003	0.319641	91.330002
0.280288	91.773331	0.267400	92.220001
0.229383	93.495003	0.217900	93.779999
0.216524	93.764999	0.205536	93.839996
0.201007	94.161667	0.191518	94.339996
0.186473	94.364998	0.178603	94.559998
0.169826	94.843330	0.162594	94.970001
0.160065	95.025002	0.149428	95.239998
0.162083	94.936668	0.157544	95.080002
0.147351	95.474998	0.140852	95.430000
0.161696	95.091667	0.155452	95.320000
0.136890	95.833336	0.130151	96.199997
0.134412	95.893333	0.126873	96.080002
0.131430	95.926666	0.122930	96.190002
0.126521	96.080002	0.120375	96.290001
0.133399	95.931664	0.124402	96.080002
0.120325	96.300003	0.111997	96.519997
0.120688	96.278336	0.114410	96.510002
0.122670	96.205002	0.114770	96.400002
0.115557	96.446663	0.106866	96.739998
0.112759	96.650002	0.104478	96.720001
0.110640	96.681664	0.103066	96.849998
0.103579	96.848335	0.098327	97.059998
0.114667	96.556664	0.104478	96.919998
0.105733	96.793335	0.100342	97.000000
0.097266	97.001663	0.092025	97.190002
0.112794	96.553337	0.110417	96.809998
0.099046	96.934998	0.092596	97.029999
0.094321	97.133331	0.089501	97.320000
0.095405	97.095001	0.088976	97.440002
0.103618	96.919998	0.097484	97.110001
0.096653	97.096664	0.089680	97.379997
0.098114	97.084999	0.092227	97.150002
0.087846	97.320000	0.083580	97.510002
0.090214	97.315002	0.084683	97.559998
0.088913	97.324997	0.087525	97.400002
0.099676	97.025002	0.096706	97.389999
0.094048	97.250000	0.088448	97.510002
0.092876	97.290001	0.089028	97.529999
0.083862	97.471664	0.080391	97.610001
0.096659	97.193336	0.091998	97.470001
0.090510	97.410004	0.087799	97.680000
0.085693	97.418335	0.085268	97.470001
0.095853	97.288330	0.094695	97.449997
0.090370	97.345001	0.088264	97.550003
0.086761	97.491669	0.086772	97.570000
0.080618	97.563332	0.077937	97.589996
0.084113	97.416664	0.081648	97.550003
0.088791	97.309998	0.087656	97.330002
0.083055	97.464996	0.078533	97.570000
0.084185	97.583336	0.077256	97.860001
0.076231	97.705002	0.072622	97.900002
0.073898	97.745003	0.071457	97.889999
0.076073	97.748337	0.072450	97.889999
0.077787	97.693336	0.070833	97.860001
0.077383	97.713333	0.071467	97.889999
0.075313	97.761665	0.072383	97.820000
0.079061	97.720001	0.078854	97.839996
0.073910	97.846664	0.072730	97.910004
0.069517	97.946663	0.068573	98.099998
0.071381	97.876663	0.069200	98.080002
0.071849	97.881668	0.072052	98.080002
0.074089	97.846664	0.070930	97.930000
0.071941	97.901665	0.070041	97.919998
0.071696	97.931664	0.070341	97.849998
0.074074	97.820000	0.075792	97.839996
0.070643	97.923332	0.070382	98.059998
0.073162	97.871666	0.073720	97.930000
0.074288	97.864998	0.075990	97.949997
0.079208	97.800003	0.076581	97.769997
0.071957	97.936668	0.072771	97.940002
0.076006	97.809998	0.071175	97.940002
0.069879	97.981667	0.068142	98.160004
0.078614	97.671669	0.076257	97.839996
0.076975	97.716667	0.077181	97.809998
0.071369	97.915001	0.071021	98.010002
0.067523	98.001663	0.065552	98.040001
0.067632	98.038330	0.068614	98.059998
0.066841	98.058334	0.064121	98.110001
0.065120	98.056664	0.061508	98.190002
0.069434	98.059998	0.069520	98.160004
0.066237	98.098335	0.065147	98.059998
0.066856	98.076668	0.065121	98.139999
0.067968	98.099998	0.064185	98.139999
0.066523	98.051666	0.064595	98.199997
0.067215	98.080002	0.067441	98.139999
0.066004	98.095001	0.064177	98.260002
0.065906	98.086670	0.063962	98.209999
0.060923	98.188332	0.058073	98.290001
0.060953	98.190002	0.061447	98.269997
0.061743	98.139999	0.062103	98.190002
0.062843	98.195000	0.061826	98.209999
0.069965	98.044998	0.068446	98.129997
0.060627	98.205002	0.059669	98.260002
0.064249	98.203331	0.061915	98.260002
0.064954	98.199997	0.063860	98.250000
0.060312	98.264999	0.058314	98.279999
0.062161	98.251663	0.061291	98.330002
0.062319	98.273331	0.058675	98.360001
0.061283	98.305000	0.058392	98.339996
0.058910	98.286667	0.056105	98.290001
0.057506	98.246666	0.056681	98.370003
0.060620	98.241669	0.059960	98.349998
0.064461	98.209999	0.063845	98.260002
0.060238	98.308334	0.056980	98.389999
0.063632	98.228333	0.063723	98.269997
0.064358	98.258331	0.063702	98.269997
0.061423	98.245003	0.059049	98.430000
0.058615	98.296669	0.057426	98.400002
0.057467	98.371666	0.057943	98.339996
0.061516	98.279999	0.060294	98.339996
0.062068	98.313332	0.060341	98.349998
0.060291	98.231667	0.059551	98.339996
0.059953	98.271667	0.057425	98.290001
0.062675	98.253334	0.063407	98.239998
0.057840	98.281670	0.058968	98.320000
0.057542	98.348335	0.056881	98.440002
0.058620	98.323334	0.058705	98.360001
0.056406	98.376663	0.059483	98.300003
0.058050	98.339996	0.057790	98.370003
0.059059	98.371666	0.059527	98.330002
0.059902	98.266670	0.058395	98.250000
0.056919	98.413330	0.059696	98.279999
0.061487	98.281670	0.060935	98.250000
0.056698	98.385002	0.056213	98.440002
0.054455	98.488335	0.053000	98.620003
0.059752	98.333336	0.057067	98.220001
0.055718	98.445000	0.056616	98.459999
0.053999	98.468330	0.054424	98.510002
0.057074	98.423332	0.055900	98.489998
0.055431	98.449997	0.053096	98.510002
0.058692	98.423332	0.055064	98.529999
0.056724	98.398331	0.056389	98.449997
0.055311	98.443336	0.053501	98.389999
0.059480	98.356667	0.058470	98.300003
0.057841	98.389999	0.057642	98.400002
0.054742	98.464996	0.052029	98.470001
0.059537	98.316666	0.055416	98.419998
0.055931	98.346664	0.054940	98.370003
0.058615	98.315002	0.057687	98.389999
0.059570	98.308334	0.057684	98.339996
0.053486	98.508331	0.052090	98.529999
0.056210	98.481667	0.054458	98.589996
0.055069	98.480003	0.052449	98.529999
0.056224	98.459999	0.054038	98.470001
0.057585	98.426666	0.056124	98.480003
0.060957	98.321663	0.058144	98.419998
0.060513	98.356667	0.058021	98.339996
0.054457	98.464996	0.053118	98.440002
0.054189	98.488335	0.054800	98.379997
0.056718	98.376663	0.058312	98.459999
0.057415	98.371666	0.058176	98.529999
0.052957	98.521667	0.053251	98.470001
0.056493	98.410004	0.057725	98.410004
0.057051	98.401665	0.057985	98.440002
0.054778	98.455002	0.056513	98.480003
0.051655	98.503334	0.054608	98.470001
0.056350	98.440002	0.059408	98.309998
0.053643	98.511665	0.057322	98.459999
0.053329	98.480003	0.055099	98.500000
0.051206	98.538330	0.051378	98.489998
0.053823	98.495003	0.053808	98.500000
0.051151	98.573334	0.051573	98.550003
0.053103	98.478333	0.055789	98.480003
0.059123	98.401665	0.059725	98.339996
0.054891	98.511665	0.056757	98.510002
0.054779	98.480003	0.057452	98.470001
0.058859	98.355003	0.062047	98.339996
0.057763	98.416664	0.061378	98.379997
0.051814	98.538330	0.054552	98.559998
0.052650	98.513336	0.055634	98.459999
0.053971	98.498337	0.054872	98.580002
0.055157	98.485001	0.055400	98.510002
0.056572	98.466667	0.057009	98.529999
0.061470	98.360001	0.059116	98.339996
0.052491	98.514999	0.053721	98.540001
0.063069	98.341667	0.064632	98.290001
0.054608	98.449997	0.058692	98.489998
0.057148	98.449997	0.062161	98.400002
0.062342	98.353333	0.066913	98.250000
0.056937	98.496666	0.058547	98.440002
0.053497	98.551666	0.055498	98.449997
0.054210	98.565002	0.056024	98.470001
0.055492	98.431664	0.056222	98.459999
0.056852	98.443336	0.060119	98.470001
0.056236	98.470001	0.059117	98.459999
0.057207	98.480003	0.057959	98.449997
0.055960	98.445000	0.057506	98.500000
0.057040	98.480003	0.059271	98.440002
0.057826	98.423332	0.060224	98.459999
0.053740	98.508331	0.055772	98.540001
0.054509	98.535004	0.056418	98.470001
0.051664	98.589996	0.056600	98.489998
0.052476	98.599998	0.055670	98.500000
0.052980	98.556664	0.056102	98.529999
0.053468	98.543335	0.058385	98.489998
