4.947277	9.310000	4.947221	9.390000
3.398727	10.442000	3.400206	10.520000
2.709369	11.720000	2.709611	11.950000
2.411371	23.306000	2.414831	23.030001
2.206815	25.368000	2.209404	24.719999
2.151781	29.426001	2.154158	29.480000
2.108962	29.464001	2.109173	29.719999
2.007875	32.313999	2.004880	32.419998
1.931226	35.625999	1.929329	36.080002
1.932780	35.439999	1.929578	35.599998
1.910679	35.813999	1.911938	36.099998
1.838912	38.226002	1.840386	37.970001
1.863458	37.636002	1.866013	37.560001
1.835550	39.330002	1.842734	38.730000
1.831869	38.896000	1.839019	38.330002
1.712921	43.686001	1.723881	42.720001
1.704415	44.264000	1.716660	43.029999
1.724508	42.916000	1.742507	41.599998
1.734529	42.750000	1.752986	41.619999
1.770845	40.633999	1.786308	39.580002
1.852384	37.700001	1.862581	36.950001
1.741975	42.945999	1.762753	41.950001
1.692780	43.526001	1.713706	43.160000
1.722430	42.928001	1.746563	42.220001
1.737927	42.862000	1.764780	42.200001
1.782284	41.976002	1.809541	41.160000
1.689703	45.029999	1.722599	43.709999
1.640589	46.633999	1.672707	45.270000
1.659745	46.292000	1.692316	45.360001
1.777511	42.799999	1.797052	41.470001
1.687945	46.118000	1.709637	45.220001
1.916261	38.299999	1.925896	37.049999
1.748179	44.082001	1.767496	43.549999
1.602255	49.144001	1.624613	47.790001
1.580482	49.874001	1.609202	48.279999
1.617011	49.180000	1.639771	48.450001
1.559542	50.419998	1.582464	49.209999
1.511897	52.080002	1.534561	51.150002
1.485304	51.914001	1.510330	51.160000
1.472191	52.523998	1.499910	51.380001
1.481123	53.285999	1.507954	52.189999
1.529702	51.217999	1.560939	50.610001
1.466658	53.240002	1.500428	51.709999
1.496163	53.251999	1.527167	51.930000
1.461891	53.948002	1.492654	52.779999
1.454063	54.082001	1.489458	52.689999
1.490908	53.006001	1.529418	51.410000
1.536200	51.147999	1.577622	49.709999
1.466394	53.254002	1.505357	51.049999
1.444316	54.352001	1.485365	52.639999
1.546591	52.773998	1.579682	51.049999
1.423472	55.220001	1.467132	53.619999
1.410179	54.976002	1.456227	53.590000
1.426376	55.490002	1.467875	53.910000
1.525579	53.164001	1.564792	50.869999
1.451641	55.070000	1.492402	52.900002
1.453796	54.298000	1.497630	52.660000
1.540531	52.040001	1.577914	50.169998
1.553601	51.981998	1.598187	50.439999
1.432980	55.566002	1.477256	53.630001
1.653823	49.312000	1.682495	48.049999
1.439147	55.400002	1.483361	54.029999
1.502855	52.765999	1.548609	51.259998
1.398850	56.360001	1.446199	54.869999
1.359230	57.484001	1.410447	55.630001
1.368806	57.344002	1.418543	55.869999
1.386867	56.202000	1.440862	54.400002
1.394329	57.175999	1.443639	55.570000
1.415138	56.340000	1.456951	54.599998
1.457072	54.604000	1.502900	53.250000
1.480006	54.439999	1.532070	52.299999
1.386807	55.973999	1.438841	54.130001
1.378083	57.161999	1.433661	55.299999
1.432936	55.967999	1.479519	54.180000
1.378511	57.178001	1.431111	55.080002
1.458065	55.296001	1.505788	53.490002
1.456126	55.653999	1.507169	53.840000
1.652852	49.667999	1.678419	48.830002
1.430657	56.686001	1.470945	54.900002
1.367854	57.484001	1.420844	55.810001
1.760066	44.869999	1.776996	43.680000
1.409785	56.259998	1.449792	54.980000
1.408343	56.692001	1.455394	55.209999
1.395482	56.216000	1.445981	54.340000
1.411281	55.790001	1.462954	54.200001
1.410500	55.722000	1.458854	54.320000
1.456517	53.509998	1.509035	52.029999
1.408420	55.838001	1.460740	54.340000
1.370931	56.944000	1.425955	55.259998
1.360159	57.562000	1.416749	55.740002
1.509817	53.658001	1.554235	51.930000
1.392261	56.520000	1.444738	54.660000
1.420306	54.980000	1.477394	53.099998
1.384769	57.417999	1.439309	55.740002
1.378266	57.070000	1.435645	55.110001
1.381637	57.132000	1.436013	55.450001
1.417613	56.476002	1.474541	54.759998
1.507050	54.577999	1.550351	52.950001
1.342335	58.287998	1.391148	56.840000
1.364089	58.094002	1.410169	56.639999
1.339598	57.680000	1.387074	56.189999
1.367664	56.206001	1.418296	54.889999
1.354059	57.484001	1.404204	55.959999
1.344763	58.737999	1.394844	56.790001
1.320159	59.506001	1.372450	57.610001
1.318405	59.506001	1.370473	57.610001
1.385195	56.352001	1.437353	54.549999
1.340370	58.618000	1.389328	56.660000
1.294152	59.526001	1.351956	57.740002
1.296785	60.216000	1.352877	58.240002
1.318929	59.498001	1.374319	57.500000
1.295331	60.096001	1.351882	57.840000
1.333414	59.293999	1.392178	57.150002
1.336952	58.976002	1.395077	56.770000
1.351075	58.900002	1.408926	56.900002
1.323848	59.402000	1.379168	57.060001
1.328405	59.448002	1.386440	56.939999
1.339621	59.251999	1.399264	57.139999
1.325969	59.366001	1.386452	56.810001
1.377432	57.667999	1.437585	55.189999
1.357815	58.563999	1.414375	55.880001
1.494205	53.194000	1.548776	50.730000
1.359400	58.195999	1.413010	55.810001
1.325180	59.779999	1.383813	57.040001
1.328215	59.459999	1.392673	56.599998
1.319984	59.043999	1.385223	56.480000
1.380332	56.903999	1.446570	54.400002
1.381911	57.882000	1.448368	55.250000
1.355652	58.737999	1.426446	55.820000
1.426528	56.074001	1.493961	53.520000
1.530376	53.428001	1.584321	51.130001
1.399394	58.236000	1.460907	55.580002
1.363131	59.166000	1.427650	55.830002
1.362541	59.048000	1.430194	56.099998
1.392800	57.698002	1.454764	55.150002
1.716491	48.523998	1.751858	46.500000
1.449214	57.236000	1.505848	54.619999
1.384895	58.542000	1.448291	55.459999
1.399190	58.028000	1.465689	55.150002
1.407115	57.900002	1.471452	55.099998
1.387618	59.018002	1.455029	55.889999
1.404192	57.813999	1.470821	54.610001
1.394956	58.680000	1.460769	55.720001
1.406399	58.312000	1.474985	55.080002
1.415169	57.598000	1.488989	54.369999
1.541153	53.532001	1.604537	50.200001
1.403976	58.480000	1.472943	55.180000
1.382481	58.959999	1.457904	55.590000
1.395636	58.945999	1.468441	55.619999
1.397533	58.714001	1.467055	55.549999
1.456234	56.230000	1.519406	53.360001
1.470527	53.882000	1.538005	51.529999
1.312173	60.301998	1.383942	57.310001
1.313054	60.290001	1.382967	57.799999
1.300763	59.689999	1.377014	56.950001
1.281416	60.304001	1.358795	57.490002
1.314386	60.141998	1.389179	57.389999
1.305853	59.959999	1.382385	56.860001
1.305014	60.035999	1.379902	57.020000
1.378971	57.257999	1.451844	54.630001
1.285123	60.535999	1.362497	57.459999
1.342689	58.824001	1.421226	55.240002
1.318829	59.644001	1.396972	56.279999
1.347830	59.236000	1.424245	55.840000
1.383244	57.770000	1.457834	54.139999
1.339511	58.765999	1.417696	55.580002
1.337543	60.122002	1.407422	56.919998
1.292505	60.540001	1.369804	57.330002
1.358662	57.380001	1.435773	54.560001
1.389761	57.504002	1.459134	54.889999
1.394058	58.164001	1.459452	55.000000
1.457411	55.967999	1.525077	53.160000
1.301253	60.231998	1.376171	56.759998
1.321890	59.507999	1.400017	55.520000
1.280569	60.021999	1.359527	56.919998
1.280653	60.883999	1.359600	57.310001
1.336141	57.877998	1.412007	55.320000
1.294999	59.358002	1.374127	55.889999
1.434431	54.251999	1.515817	50.980000
1.324730	59.987999	1.407201	56.110001
1.336284	59.070000	1.417278	55.959999
1.353557	57.716000	1.438309	54.360001
1.426979	55.271999	1.509663	52.090000
1.444457	54.526001	1.513407	51.669998
1.323890	59.462002	1.398715	55.950001
1.317023	59.613998	1.394583	56.020000
1.382455	57.076000	1.461891	53.720001
1.336828	58.256001	1.416176	54.520000
1.328450	59.585999	1.407111	55.759998
1.308291	60.009998	1.389169	56.270000
1.256384	61.254002	1.341716	57.310001
1.577686	53.192001	1.633157	50.700001
1.329362	60.402000	1.404331	56.700001
1.283436	60.939999	1.365230	57.049999
1.342872	58.950001	1.423141	55.080002
1.281052	60.133999	1.359719	56.740002
1.365310	58.352001	1.441492	54.650002
1.279623	61.259998	1.362550	57.110001
1.292758	60.675999	1.374472	56.880001
1.365092	58.439999	1.444357	54.250000
