4.552116	19.233999	4.557005	18.870001
2.134103	39.004002	2.170788	38.080002
1.631647	49.598000	1.681152	48.209999
1.406006	55.301998	1.465520	53.770000
1.302641	58.279999	1.371495	56.380001
1.226251	60.484001	1.302943	58.880001
1.173705	62.133999	1.257101	59.700001
1.116645	64.132004	1.204594	61.880001
1.054928	65.653999	1.147221	63.299999
1.022538	66.858002	1.127434	64.410004
1.017431	67.314003	1.124347	64.449997
0.978016	68.094002	1.089799	65.440002
0.945965	69.248001	1.069243	66.010002
0.932429	69.722000	1.053015	66.470001
0.917873	69.924004	1.044687	66.830002
0.910653	70.573997	1.047572	67.080002
0.903424	70.886002	1.048137	67.459999
0.897211	71.185997	1.042419	67.419998
0.890004	71.417999	1.039353	67.599998
0.877144	71.900002	1.036584	67.820000
0.862095	72.171997	1.019649	68.000000
0.853633	72.592003	1.018634	68.209999
0.849589	72.736000	1.012881	68.339996
0.827961	73.424004	0.998964	69.040001
0.818121	73.533997	0.991425	69.110001
0.813125	73.788002	0.988596	69.110001
0.810480	74.265999	0.999794	69.129997
0.785069	74.762001	0.969255	69.690002
0.788118	74.680000	0.975571	69.510002
0.772304	75.152000	0.966087	70.080002
0.759449	75.624001	0.953661	70.349998
0.756888	75.783997	0.959353	70.279999
0.748482	76.113998	0.954225	70.580002
0.740588	76.377998	0.948863	70.830002
0.742492	76.461998	0.962869	70.610001
0.744802	76.545998	0.973043	70.699997
0.732567	76.624001	0.952463	70.389999
0.717792	77.115997	0.939855	71.190002
0.720652	77.166000	0.942927	71.070000
0.718031	77.227997	0.949083	71.000000
0.713536	77.258003	0.936868	70.860001
0.711470	77.657997	0.951302	71.169998
0.706813	77.949997	0.947260	71.209999
0.694370	78.098000	0.928539	71.169998
0.698365	78.085999	0.946087	71.129997
0.694259	78.358002	0.943119	71.540001
0.698191	78.167999	0.946861	71.370003
0.688096	78.430000	0.930573	71.500000
0.683241	78.722000	0.934098	71.769997
0.678886	78.849998	0.930409	71.660004
0.671057	78.903999	0.917969	71.750000
0.663563	79.106003	0.907366	72.209999
0.657198	79.379997	0.916022	71.989998
0.660698	79.342003	0.923694	72.070000
0.642947	79.536003	0.889533	72.180000
0.631898	80.082001	0.882372	72.339996
0.625091	80.146004	0.880662	72.529999
0.617679	80.515999	0.879214	72.879997
0.620897	80.613998	0.894045	72.839996
0.621761	80.542000	0.898697	72.639999
0.620719	80.589996	0.896965	72.699997
0.618563	80.723999	0.903302	72.320000
0.608141	81.000000	0.888693	72.830002
0.615966	80.947998	0.917551	72.690002
0.613829	80.625999	0.900372	72.669998
0.598030	81.108002	0.881277	72.919998
0.601961	81.071999	0.893386	72.820000
0.608163	81.094002	0.914811	72.769997
0.604707	81.152000	0.909107	72.730003
0.608539	81.237999	0.911321	73.010002
0.583355	81.664001	0.865765	73.750000
0.584489	81.716003	0.882010	72.980003
0.575674	81.795998	0.860340	73.379997
0.584966	81.792000	0.894851	73.559998
0.565043	82.250000	0.847069	73.669998
0.575366	81.982002	0.868409	73.800003
0.567428	82.239998	0.856235	73.860001
0.572701	82.209999	0.864845	73.550003
0.555294	82.643997	0.848349	74.209999
0.555917	82.688004	0.861647	73.730003
0.558173	82.550003	0.867286	73.779999
0.553846	82.741997	0.854617	73.669998
0.555095	82.781998	0.851153	73.849998
0.541091	83.042000	0.839315	74.129997
0.547170	83.129997	0.858371	74.160004
0.542306	83.195999	0.855436	74.320000
0.539966	83.180000	0.840325	74.339996
0.537020	83.379997	0.851910	74.379997
0.530369	83.393997	0.826936	74.599998
0.529767	83.300003	0.823634	74.559998
0.524346	83.727997	0.849625	74.459999
0.525564	83.610001	0.847117	74.529999
0.523546	83.688004	0.837464	74.910004
0.525425	83.806000	0.855953	74.830002
0.513058	83.984001	0.820490	74.970001
0.511947	83.862000	0.800586	74.660004
0.503738	84.292000	0.814366	74.900002
0.507238	84.124001	0.830044	74.949997
0.505686	84.288002	0.827433	74.900002
0.499281	84.405998	0.810258	75.129997
0.498797	84.524002	0.830109	75.029999
0.495436	84.804001	0.837254	75.019997
0.491198	84.842003	0.824814	75.529999
0.494903	84.653999	0.834676	75.209999
0.495560	84.778000	0.833746	75.489998
0.488345	84.917999	0.822828	75.379997
0.493307	84.865997	0.841538	75.070000
0.486583	84.875999	0.823768	75.419998
0.484586	84.916000	0.817180	75.330002
0.485481	85.054001	0.826217	75.110001
0.473888	85.292000	0.798242	75.190002
0.464977	85.458000	0.788693	75.180000
0.459442	85.578003	0.796931	75.500000
0.460966	85.750000	0.806292	75.419998
0.460180	85.713997	0.809748	75.559998
0.462049	85.723999	0.822171	75.260002
0.456271	86.010002	0.812650	75.779999
0.446656	86.012001	0.775598	75.690002
0.445370	86.096001	0.805613	75.930000
0.442612	86.195999	0.804139	75.940002
0.443015	86.152000	0.812433	75.529999
0.441923	86.101997	0.807123	75.349998
0.434611	86.293999	0.788277	75.790001
0.434238	86.407997	0.809704	75.959999
0.435505	86.412003	0.815781	75.760002
0.438914	86.410004	0.825631	75.760002
0.433547	86.566002	0.817413	75.690002
0.433482	86.610001	0.809767	75.580002
0.426534	86.515999	0.798769	75.839996
0.425255	86.716003	0.810687	75.769997
0.423792	86.634003	0.808871	75.820000
0.425074	86.762001	0.816770	75.849998
0.421680	86.828003	0.803411	76.010002
0.419608	87.003998	0.806567	75.769997
0.425829	86.816002	0.832011	75.889999
0.416987	86.977997	0.806385	76.169998
0.416498	87.202003	0.825906	75.900002
0.418215	87.036003	0.818579	75.760002
0.419287	86.996002	0.821022	75.919998
0.411011	87.223999	0.815576	76.250000
0.412794	87.227997	0.822095	75.879997
0.411398	87.237999	0.811921	76.209999
0.407218	87.292000	0.802056	76.230003
0.413583	87.155998	0.828979	76.029999
0.411558	87.314003	0.814013	76.330002
0.413307	87.199997	0.814557	76.190002
0.407144	87.379997	0.798742	76.769997
0.417737	87.251999	0.815216	76.160004
0.419442	87.218002	0.831286	76.400002
