3.025005	16.832001	3.024686	17.139999
1.803316	41.703999	1.813431	40.320000
1.287853	55.894001	1.313328	53.799999
1.101158	61.889999	1.141363	60.070000
0.978347	66.842003	1.022025	64.720001
0.918315	69.491997	0.975030	67.320000
0.845982	71.662003	0.908219	69.370003
0.828774	72.300003	0.894339	70.010002
0.777165	73.914001	0.851066	71.629997
0.752004	74.931999	0.834283	72.209999
0.736374	75.533997	0.827193	72.800003
0.719879	76.092003	0.811630	73.300003
0.697568	76.919998	0.798209	73.900002
0.685994	77.375999	0.800911	74.160004
0.670240	77.823997	0.785576	74.589996
0.666963	78.321999	0.798079	74.639999
0.646748	78.844002	0.781101	74.980003
0.628342	79.386002	0.764523	75.690002
0.610789	79.711998	0.742198	75.989998
0.598888	80.494003	0.736498	76.570000
0.588955	80.603996	0.730425	76.540001
0.585143	80.924004	0.737836	76.760002
0.575800	81.267998	0.737488	76.739998
0.572210	81.500000	0.739639	77.110001
0.567261	81.816002	0.742626	77.099998
0.564528	81.688004	0.744136	76.919998
0.543505	82.262001	0.710845	77.480003
0.544317	82.365997	0.727022	77.680000
0.540192	82.358002	0.721420	77.629997
0.521615	82.809998	0.704718	77.919998
0.528970	82.893997	0.712819	78.209999
0.524869	83.234001	0.716351	78.349998
0.519055	83.288002	0.712592	78.639999
0.518759	83.720001	0.734164	78.220001
0.509164	83.807999	0.714074	78.379997
0.516271	83.435997	0.719997	78.180000
0.500570	83.879997	0.706797	78.760002
0.497243	84.204002	0.705822	78.629997
0.482232	84.522003	0.689913	78.809998
0.481232	84.538002	0.695527	78.589996
0.470438	84.891998	0.685590	78.820000
0.472695	84.875999	0.688725	78.959999
0.470814	84.916000	0.689300	79.139999
0.471315	85.150002	0.704145	78.910004
0.473767	85.064003	0.712742	79.129997
0.493163	85.092003	0.752012	79.040001
0.459023	85.375999	0.678098	79.610001
0.461036	85.552002	0.698147	79.389999
0.469882	85.405998	0.717956	78.949997
0.450376	85.839996	0.682277	79.220001
0.460195	85.713997	0.703482	78.849998
0.451119	85.982002	0.690054	79.389999
0.446509	86.017998	0.683477	79.489998
0.448125	86.276001	0.691640	79.849998
0.447826	86.241997	0.695944	79.940002
0.445762	86.290001	0.693537	79.559998
0.447206	86.459999	0.702512	79.750000
0.449681	86.374001	0.707430	79.589996
0.436857	86.533997	0.696411	79.830002
0.437391	86.468002	0.694216	79.730003
0.434674	86.704002	0.700411	79.809998
0.425840	86.744003	0.679242	80.050003
0.438511	86.739998	0.713951	79.410004
0.450816	86.704002	0.737244	79.610001
0.443910	86.774002	0.724863	79.769997
0.443240	86.900002	0.723182	79.879997
0.435995	86.891998	0.702735	79.680000
0.457724	86.804001	0.747846	79.639999
0.427926	86.928001	0.685757	79.989998
0.420274	87.103996	0.676558	80.010002
0.412806	87.047997	0.658159	79.949997
0.405627	87.402000	0.659559	80.320000
0.406495	87.510002	0.680247	80.169998
0.396139	87.638000	0.647919	80.239998
0.394217	87.739998	0.653914	80.199997
0.391852	87.942001	0.665978	80.360001
0.397196	87.793999	0.670743	80.150002
0.386778	87.886002	0.662788	80.370003
0.383985	87.944000	0.663888	80.129997
0.372218	88.117996	0.632232	80.580002
0.377608	88.075996	0.645754	80.320000
0.374074	88.400002	0.669633	80.449997
0.365219	88.564003	0.651578	80.349998
0.367355	88.505997	0.659244	80.580002
0.371843	88.529999	0.674084	80.550003
0.369095	88.685997	0.668730	80.489998
0.352646	88.984001	0.639026	80.690002
0.351270	89.059998	0.649677	80.690002
0.348882	89.155998	0.647857	80.699997
0.351473	89.185997	0.653156	80.540001
0.347380	89.008003	0.640714	80.699997
0.335629	89.304001	0.626695	80.519997
0.341203	89.433998	0.669148	80.309998
0.343877	89.430000	0.683421	80.410004
0.332951	89.505997	0.635937	80.440002
0.341737	89.374001	0.651084	80.589996
0.341944	89.608002	0.666489	80.930000
0.338917	89.797997	0.667955	80.660004
0.337211	89.720001	0.661478	80.910004
0.326091	89.823997	0.640612	80.790001
0.329373	89.961998	0.647526	80.589996
0.327258	89.797997	0.626626	80.809998
0.323314	90.001999	0.646850	80.760002
0.323133	90.141998	0.650491	80.830002
0.326476	90.155998	0.677332	80.529999
0.328111	89.959999	0.665846	80.379997
0.310225	90.213997	0.624200	81.070000
0.315538	90.202003	0.649425	80.919998
0.313622	90.244003	0.649480	80.660004
0.310200	90.556000	0.655037	80.949997
0.317136	90.267998	0.644826	80.779999
0.317105	90.494003	0.669495	80.790001
0.319277	90.470001	0.682019	80.660004
0.300569	90.741997	0.633095	81.080002
0.305297	90.725998	0.654170	81.199997
0.304699	90.697998	0.645024	81.099998
0.295446	90.811996	0.612045	81.419998
0.286953	91.071999	0.615111	81.489998
0.292868	90.970001	0.645533	81.160004
0.291506	90.961998	0.638625	81.089996
0.300148	90.914001	0.678577	81.099998
0.298223	90.748001	0.647716	80.830002
0.291941	90.910004	0.637735	80.860001
0.289023	91.094002	0.640084	81.029999
0.282328	91.213997	0.641644	81.169998
0.280549	91.367996	0.630163	81.089996
0.282309	91.160004	0.615085	81.470001
0.279546	91.297997	0.614641	81.279999
0.276513	91.398003	0.620770	81.260002
0.270767	91.503998	0.584547	81.690002
0.272783	91.606003	0.584837	81.940002
0.264539	91.814003	0.589746	81.639999
0.259016	91.975998	0.604276	81.519997
0.257617	92.010002	0.616497	81.470001
0.254859	92.096001	0.606962	81.809998
0.250218	92.230003	0.604366	81.760002
0.248747	92.407997	0.619177	81.830002
0.252320	92.279999	0.640049	81.669998
0.246513	92.442001	0.629043	81.769997
0.251657	92.174004	0.622160	81.589996
0.249820	92.375999	0.643788	81.650002
0.249103	92.458000	0.654527	81.500000
0.249254	92.452003	0.639947	81.419998
0.245762	92.566002	0.635968	81.559998
0.242766	92.578003	0.599184	81.580002
0.239998	92.655998	0.606245	81.599998
0.240411	92.720001	0.627076	81.720001
0.237547	92.732002	0.614934	81.889999
0.241526	92.739998	0.649471	81.860001
0.240075	92.753998	0.638759	81.800003
0.238511	92.734001	0.627178	81.629997
0.239235	92.863998	0.648506	81.820000
0.243029	92.849998	0.669364	81.730003
0.241661	92.767998	0.661326	81.650002
0.241128	92.821999	0.653212	81.849998
0.245082	92.884003	0.684037	81.690002
0.237226	92.792000	0.624042	82.099998
0.234305	92.940002	0.636579	82.129997
0.236875	92.851997	0.645480	81.349998
0.244047	92.795998	0.682600	81.739998
0.236697	92.903999	0.659665	81.809998
0.237578	92.942001	0.663218	81.889999
0.234398	92.975998	0.634776	81.870003
0.236364	92.924004	0.638767	81.720001
0.229142	93.120003	0.614274	82.010002
0.224056	93.227997	0.613593	82.199997
0.226880	93.225998	0.637308	82.379997
0.231108	93.306000	0.670687	82.089996
0.230393	93.391998	0.669937	81.919998
0.224208	93.302002	0.638043	81.709999
0.221343	93.365997	0.625171	81.669998
0.219394	93.440002	0.646660	81.779999
0.222669	93.416000	0.656991	81.820000
0.226368	93.164001	0.624056	81.680000
0.218883	93.484001	0.642770	82.099998
0.222073	93.402000	0.639695	82.129997
0.224002	93.487999	0.663934	81.919998
0.225707	93.260002	0.639898	81.730003
0.225463	93.332001	0.673551	81.809998
0.242630	92.613998	0.659666	80.849998
0.230365	92.984001	0.637331	81.570000
0.223407	93.365997	0.662523	82.019997
0.225836	93.213997	0.602178	82.169998
0.215602	93.531998	0.601593	82.410004
0.214154	93.680000	0.612563	82.290001
0.216054	93.568001	0.594432	82.139999
0.211730	93.557999	0.620484	81.970001
0.207059	93.772003	0.596453	82.230003
0.207044	93.828003	0.622818	82.180000
0.204777	93.986000	0.635118	82.080002
0.207998	93.746002	0.609403	82.099998
0.201522	93.825996	0.622136	82.209999
0.201075	93.938004	0.647043	82.220001
0.197355	94.045998	0.636131	82.320000
0.200994	94.003998	0.649841	82.290001
0.197668	94.197998	0.653428	82.150002
0.199694	94.216003	0.673848	82.209999
0.195818	94.225998	0.667139	82.169998
0.195580	94.306000	0.674423	82.129997
0.197136	94.286003	0.684801	82.150002
