3.152677	18.743999	3.160644	18.330000
1.970477	40.132000	2.006050	38.830002
1.591254	50.116001	1.633698	48.669998
1.421845	54.750000	1.473833	53.209999
1.315023	57.928001	1.367379	56.419998
1.235504	59.787998	1.302609	58.389999
1.208814	61.214001	1.296226	59.599998
1.183804	62.042000	1.270234	60.090000
1.100022	64.538002	1.192817	62.439999
1.074294	65.029999	1.171215	62.910000
1.019083	66.624001	1.123238	63.709999
1.047179	66.641998	1.159749	64.300003
1.023395	67.362000	1.145201	64.120003
0.982239	68.589996	1.109037	65.250000
0.999149	68.802002	1.143391	65.160004
0.954989	69.302002	1.092610	65.900002
0.975255	69.101997	1.117483	65.410004
0.951892	70.288002	1.101297	66.860001
0.921466	70.445999	1.070892	66.089996
0.890294	70.928001	1.033984	67.160004
0.921098	71.258003	1.088386	66.900002
0.934522	71.384003	1.106857	66.989998
0.909532	71.435997	1.075663	67.000000
0.946651	69.882004	1.115276	65.419998
0.919038	71.891998	1.105116	67.239998
0.871770	72.820000	1.060523	68.080002
0.908992	71.360001	1.087734	66.730003
0.905251	72.402000	1.096914	67.500000
0.914852	72.543999	1.114373	67.510002
0.897314	72.730003	1.094192	67.370003
0.847654	74.192001	1.043784	68.790001
0.892093	73.571999	1.106452	67.980003
0.849430	73.975998	1.064326	67.709999
0.948982	72.416000	1.182025	66.919998
0.838836	73.575996	1.029074	68.290001
0.839517	73.891998	1.047127	68.250000
0.816603	74.872002	1.045053	68.730003
0.817299	75.337997	1.046981	69.239998
0.797230	75.403999	1.018143	68.820000
0.820152	74.802002	1.052226	68.639999
0.845413	74.730003	1.096907	68.309998
0.822701	75.082001	1.059628	69.339996
0.798329	75.363998	1.032088	69.070000
0.880934	74.113998	1.146821	67.879997
0.817809	75.792000	1.075467	69.190002
0.799298	76.125999	1.063539	69.580002
0.831415	76.001999	1.097172	69.800003
0.775195	76.816002	1.028025	70.400002
0.753166	77.461998	1.010036	71.050003
0.937749	73.498001	1.201088	67.300003
0.877112	74.444000	1.143653	67.570000
0.770115	76.706001	1.027812	69.769997
0.801579	76.870003	1.074866	69.320000
0.804543	76.639999	1.081190	69.309998
0.784162	77.508003	1.054358	70.099998
0.793142	76.653999	1.054201	69.349998
0.778924	77.353996	1.048994	69.949997
0.714624	78.958000	0.981379	71.099998
0.652319	79.251999	0.893847	71.550003
0.687574	79.078003	0.952241	71.129997
0.723590	77.903999	0.986432	70.370003
0.706540	78.916000	0.978704	71.120003
0.667194	79.641998	0.925057	72.059998
0.811092	75.947998	1.097158	68.660004
0.705592	78.692001	0.987508	71.129997
0.644652	80.056000	0.916920	72.279999
0.700553	78.802002	0.987389	70.650002
0.671410	79.598000	0.960347	71.620003
0.717922	78.106003	1.006344	70.269997
0.652636	80.267998	0.938213	71.910004
0.633048	80.099998	0.906068	71.370003
0.664484	79.820000	0.954903	71.830002
0.630369	80.814003	0.915397	72.480003
0.661524	80.582001	0.951602	72.389999
0.745124	78.468002	1.061799	70.739998
0.713472	79.225998	1.026099	71.150002
0.664434	79.814003	0.971403	71.370003
0.604700	81.734001	0.896572	72.830002
0.662035	80.690002	0.969103	72.150002
0.690610	79.820000	0.998986	71.519997
0.676561	80.279999	0.999825	71.599998
0.724839	79.180000	1.058037	70.790001
0.667090	79.783997	0.969104	71.379997
0.587047	81.764000	0.878893	73.089996
0.646690	80.302002	0.956480	71.540001
0.630895	81.629997	0.956501	72.860001
0.653035	80.348000	0.976076	71.809998
0.667146	81.181999	1.019024	72.529999
0.689808	80.568001	1.052286	71.889999
0.654867	80.064003	0.985406	71.180000
0.594934	81.931999	0.909492	72.599998
0.663474	79.671997	0.996152	70.610001
0.655181	80.407997	1.005515	71.489998
0.717827	78.070000	1.065361	69.489998
0.644951	80.272003	0.983639	70.970001
0.598579	81.807999	0.929448	72.449997
0.580197	82.372002	0.908023	72.989998
0.616152	81.834000	0.953434	72.589996
0.563968	82.643997	0.903708	73.389999
0.582418	82.842003	0.932342	73.360001
0.582158	82.554001	0.930617	73.199997
0.583638	82.208000	0.946493	72.910004
0.639951	80.573997	1.005993	71.300003
0.559011	82.790001	0.908580	73.089996
0.630253	82.267998	1.023153	73.010002
0.570559	82.879997	0.931702	73.580002
0.603398	81.816002	0.964698	72.699997
0.559837	82.858002	0.918168	73.330002
0.581497	82.250000	0.941279	73.290001
0.558681	83.138000	0.936153	72.889999
0.556945	83.367996	0.929291	73.440002
0.652108	81.075996	1.038346	72.000000
0.521789	84.115997	0.882923	73.900002
0.584667	82.608002	0.966657	73.050003
0.651352	80.916000	1.039121	72.029999
0.604008	82.166000	1.002034	72.400002
0.572795	83.363998	0.960039	73.730003
0.545552	83.477997	0.920092	73.180000
0.529287	83.421997	0.854789	73.820000
0.515509	83.889999	0.864184	74.169998
0.532886	83.101997	0.876995	73.010002
0.497659	84.517998	0.843623	74.480003
0.533153	83.875999	0.913003	74.180000
0.564128	81.648003	0.908789	72.650002
0.603660	81.669998	0.983745	72.440002
0.514687	84.073997	0.877151	74.570000
0.555651	82.968002	0.941059	73.300003
0.522343	83.650002	0.884372	73.879997
0.553752	83.160004	0.929559	73.809998
0.533168	83.410004	0.913799	73.660004
0.546904	83.139999	0.940268	73.309998
0.508387	84.556000	0.894805	74.529999
0.501902	84.148003	0.889725	73.870003
0.525591	83.204002	0.908064	73.110001
0.518422	84.463997	0.939232	74.669998
0.459867	85.627998	0.820950	75.089996
0.448593	85.846001	0.817746	75.120003
0.488517	84.517998	0.878570	74.050003
0.483918	85.001999	0.866313	74.570000
0.490523	85.003998	0.892599	74.739998
0.460247	85.811996	0.846215	75.230003
0.505032	83.519997	0.886781	72.980003
0.420072	86.755997	0.777646	76.220001
0.453612	85.825996	0.847586	75.300003
0.414268	87.071999	0.785509	76.339996
0.449308	85.921997	0.846399	75.300003
0.439589	85.765999	0.782909	75.430000
0.423179	86.774002	0.802461	76.110001
0.436293	86.157997	0.830694	75.470001
0.471787	85.896004	0.905471	75.389999
0.447530	85.823997	0.860699	74.940002
0.492119	84.736000	0.917234	74.419998
0.431311	86.265999	0.818652	75.389999
0.447783	85.627998	0.849675	74.739998
0.470194	84.893997	0.884869	74.129997
0.473195	85.167999	0.896205	74.570000
0.443924	86.419998	0.860659	75.879997
0.429121	86.991997	0.863458	75.970001
0.464398	85.666000	0.906605	74.500000
0.439422	86.334000	0.871404	75.089996
0.455066	85.608002	0.878071	75.029999
0.403581	87.528000	0.831167	75.940002
0.414739	87.003998	0.827232	75.349998
0.433501	86.528000	0.873579	75.239998
0.439433	86.821999	0.891632	75.470001
0.497511	84.365997	0.929793	73.830002
0.441106	86.169998	0.866822	74.910004
0.397186	87.498001	0.805170	75.949997
0.448278	86.568001	0.894074	75.580002
0.432704	86.694000	0.872744	75.620003
0.419101	87.085999	0.888514	75.839996
0.446818	85.356003	0.876639	73.570000
0.423992	87.031998	0.869783	75.169998
0.386402	88.057999	0.831062	75.839996
0.411011	87.174004	0.844744	75.400002
0.421994	86.917999	0.863958	74.639999
0.412736	87.227997	0.852948	75.349998
0.431867	87.038002	0.900637	75.089996
0.400123	87.889999	0.857907	75.370003
0.403516	87.239998	0.846669	75.110001
0.434096	86.283997	0.892366	74.980003
0.384065	88.098000	0.838141	75.980003
0.404587	87.101997	0.858232	75.459999
0.380990	87.933998	0.811218	76.400002
0.390915	87.169998	0.841155	75.290001
0.381556	87.648003	0.846024	75.830002
0.337886	89.330002	0.784696	76.669998
0.367387	88.564003	0.829949	76.709999
0.419581	86.330002	0.883257	75.169998
0.337677	89.132004	0.786940	76.790001
0.377121	87.879997	0.848002	75.849998
0.382530	87.860001	0.873713	75.699997
0.390523	87.524002	0.871264	75.070000
0.377552	87.837997	0.864822	75.940002
0.329748	89.550003	0.799989	76.849998
0.353611	88.778000	0.829397	76.639999
0.371669	88.155998	0.850208	75.959999
0.342737	89.274002	0.831937	76.970001
0.352585	88.800003	0.851631	75.930000
0.355415	88.862000	0.847525	76.089996
