5.864188	6.502000	5.871861	6.400000
3.719974	23.695999	3.731363	23.230000
2.743785	33.430000	2.770643	32.360001
2.206742	39.501999	2.236207	38.139999
1.985290	42.202000	2.022059	41.080002
1.773595	45.391998	1.810535	44.490002
1.673036	47.622002	1.713565	46.310001
1.628738	48.568001	1.663030	47.119999
1.557993	50.070000	1.598858	48.480000
1.507525	51.310001	1.550161	49.759998
1.475746	52.018002	1.521788	50.020000
1.455051	52.480000	1.504993	50.500000
1.437252	52.962002	1.485705	51.459999
1.425138	53.340000	1.477794	51.430000
1.382639	54.616001	1.436458	52.930000
1.378173	54.728001	1.436720	52.630001
1.363193	55.411999	1.426484	53.220001
1.372171	55.161999	1.437161	53.169998
1.370544	55.278000	1.436638	53.099998
1.363584	55.717999	1.430331	53.529999
1.346841	56.037998	1.412326	53.889999
1.322020	56.838001	1.388499	54.400002
1.317093	57.001999	1.385604	54.700001
1.309535	57.341999	1.379426	54.660000
1.285710	58.021999	1.364320	55.470001
1.280634	58.284000	1.359574	55.310001
1.273905	58.363998	1.349237	55.720001
1.270266	58.675999	1.352220	55.980000
1.264432	58.978001	1.344421	56.220001
1.271409	58.922001	1.355846	55.700001
1.254380	59.285999	1.336236	56.400002
1.272173	58.723999	1.353142	56.180000
1.258383	59.144001	1.339896	56.500000
1.265923	58.980000	1.352002	56.450001
1.240399	59.570000	1.332801	56.560001
1.235352	59.726002	1.330305	56.470001
1.234382	59.903999	1.330237	56.799999
1.223083	60.062000	1.317935	57.049999
1.214381	60.212002	1.313299	57.160000
1.203760	60.700001	1.303893	57.520000
1.201916	60.762001	1.300890	57.730000
1.196705	60.959999	1.294679	58.049999
1.181597	61.346001	1.286931	58.009998
1.212785	60.660000	1.314415	57.130001
1.202987	61.057999	1.310163	57.380001
1.191582	61.386002	1.293192	57.650002
1.185771	61.445999	1.289143	57.860001
1.184307	61.453999	1.289074	57.740002
1.187076	61.243999	1.292616	58.090000
1.188261	61.672001	1.292738	58.320000
1.194086	61.708000	1.294179	57.810001
1.181706	61.646000	1.283961	58.009998
1.172769	61.939999	1.278470	58.520000
1.173790	62.189999	1.276983	58.660000
1.156698	62.708000	1.260841	58.980000
1.154398	62.540001	1.255674	58.900002
1.139068	63.203999	1.241759	59.090000
1.150109	62.897999	1.254344	58.840000
1.136422	63.160000	1.249787	58.860001
1.148031	63.034000	1.253767	59.599998
1.136808	63.293999	1.248158	59.540001
1.121460	63.863998	1.228091	59.830002
1.126564	63.762001	1.233736	59.610001
1.110521	64.468002	1.217858	60.330002
1.114248	64.188004	1.228664	60.169998
1.123995	64.239998	1.233499	60.000000
1.116481	64.194000	1.224694	60.419998
1.078271	65.344002	1.192687	61.439999
1.100950	65.024002	1.217432	60.660000
1.084963	65.403999	1.205726	60.939999
1.081584	65.475998	1.201034	61.340000
1.091835	65.514000	1.209734	61.220001
1.077380	65.972000	1.197838	61.570000
1.059400	66.265999	1.185422	61.840000
1.061695	66.428001	1.185109	61.599998
1.070427	66.153999	1.186857	61.660000
1.050394	66.781998	1.169649	62.200001
1.036335	67.281998	1.159255	62.660000
1.056237	66.556000	1.181812	62.049999
1.039934	67.292000	1.167404	62.580002
1.042498	67.178001	1.170671	62.110001
1.035994	67.024002	1.167130	62.099998
1.051438	67.330002	1.169453	62.430000
1.022587	67.916000	1.153385	63.049999
1.009576	67.975998	1.143043	63.110001
1.025084	67.666000	1.158760	62.939999
1.028443	67.781998	1.158356	62.970001
1.032479	67.606003	1.165484	62.869999
1.016863	68.115997	1.153469	63.110001
1.029503	67.811996	1.170011	62.990002
1.024057	67.914001	1.161567	63.310001
1.040227	67.629997	1.181040	62.490002
1.012379	68.293999	1.149080	63.279999
1.017441	68.160004	1.160161	62.970001
1.015765	68.393997	1.156099	63.340000
1.022590	68.272003	1.158740	63.180000
1.016001	68.290001	1.157571	63.279999
0.985444	69.286003	1.129533	64.000000
1.006488	68.617996	1.152655	63.180000
1.002205	68.902000	1.147911	63.680000
0.986769	69.250000	1.138268	63.830002
1.012990	68.737999	1.157695	63.369999
1.027767	68.613998	1.155266	63.470001
0.985640	69.512001	1.127839	64.180000
0.998556	69.318001	1.135036	64.199997
1.002047	69.293999	1.133426	64.019997
0.971781	69.732002	1.113999	64.599998
1.000035	69.143997	1.135604	64.160004
0.988242	69.272003	1.129298	64.209999
0.978061	69.776001	1.117798	64.860001
0.987310	69.559998	1.131596	64.019997
0.967918	69.917999	1.120501	64.820000
0.965702	70.190002	1.120637	64.870003
0.965580	70.052002	1.123877	64.760002
0.965690	69.982002	1.126897	64.750000
0.983057	69.540001	1.137839	64.070000
0.977602	69.598000	1.136164	64.180000
0.973169	69.708000	1.133045	64.070000
0.971238	70.264000	1.115655	65.010002
0.953707	70.632004	1.100373	65.290001
0.965927	70.421997	1.111283	64.879997
0.949376	70.727997	1.101699	65.290001
0.974206	70.047997	1.117951	64.629997
0.965138	70.344002	1.106214	64.830002
0.943713	70.914001	1.091043	65.279999
0.924490	71.295998	1.075254	65.800003
0.950083	70.848000	1.094024	64.760002
0.939532	71.017998	1.092280	65.230003
0.930122	71.318001	1.089363	65.449997
0.960132	70.930000	1.102512	65.190002
0.959865	70.403999	1.104190	64.389999
0.930223	71.594002	1.083411	65.529999
0.908965	71.634003	1.076130	65.209999
0.928721	71.466003	1.085256	65.900002
0.903626	72.080002	1.059864	66.290001
0.904462	72.094002	1.060485	66.320000
0.920647	72.127998	1.065492	66.260002
0.910083	72.005997	1.060652	66.360001
0.891023	72.452003	1.052859	66.639999
0.888560	72.452003	1.055962	66.660004
0.922192	71.858002	1.074724	65.449997
0.879853	72.900002	1.048826	66.470001
0.885317	72.648003	1.055784	66.419998
0.891421	72.545998	1.048823	66.500000
0.889730	72.533997	1.054813	66.300003
0.885815	72.486000	1.058782	66.129997
0.887798	72.627998	1.057684	66.220001
0.904494	71.603996	1.074014	65.489998
0.878068	72.571999	1.055800	66.459999
0.890585	72.646004	1.059163	66.279999
0.901239	72.529999	1.059744	66.910004
0.890519	73.022003	1.050491	67.129997
0.885805	72.262001	1.048339	67.019997
0.890557	72.767998	1.049564	66.760002
0.853147	73.580002	1.027514	67.639999
0.894613	72.414001	1.057688	66.750000
0.864889	73.554001	1.035026	67.349998
0.844849	74.351997	1.021050	67.980003
0.846259	74.176003	1.022124	68.169998
0.845112	74.190002	1.018452	68.330002
0.836776	73.884003	1.020191	67.800003
0.837836	74.075996	1.020325	67.930000
0.863600	73.435997	1.037952	67.370003
0.842073	73.970001	1.026876	67.550003
0.846177	74.012001	1.028388	67.580002
0.833262	74.438004	1.015226	67.879997
0.847690	73.940002	1.028247	67.510002
0.839887	74.218002	1.026062	67.510002
0.882546	73.283997	1.050393	67.199997
0.847956	73.912003	1.027662	67.470001
0.828802	74.286003	1.013304	67.949997
0.835898	74.098000	1.016125	67.650002
0.825733	74.300003	1.012679	68.029999
0.850872	74.405998	1.018610	68.010002
0.853602	73.912003	1.038106	68.000000
0.825310	74.335999	1.015807	68.260002
0.839943	73.848000	1.029363	67.989998
0.827553	74.550003	1.018864	68.349998
0.834983	74.578003	1.019333	68.300003
0.829030	74.786003	1.015037	68.470001
0.832348	74.783997	1.007991	68.430000
0.807539	75.036003	1.001507	68.220001
0.813219	75.396004	1.003583	68.419998
0.815069	75.220001	0.997996	68.599998
0.803293	75.253998	0.997735	68.589996
0.811610	74.678001	1.009216	68.330002
0.798287	75.332001	1.005640	68.610001
0.829839	74.290001	1.009886	67.699997
0.789283	75.594002	0.987329	68.980003
0.784018	75.472000	0.990759	68.540001
0.797988	75.503998	0.990685	68.830002
0.836053	74.722000	1.013218	68.180000
0.790974	75.316002	0.990866	68.889999
0.787405	75.603996	0.991988	68.839996
0.779305	75.874001	0.983023	69.400002
0.783225	75.758003	0.982087	69.010002
0.779060	76.071999	0.979904	69.160004
0.780167	75.781998	0.986720	68.769997
0.771740	75.938004	0.981958	69.040001
0.807677	74.998001	1.007747	68.360001
