4.702807	12.482000	4.704137	12.340000
3.438511	12.272000	3.439897	12.590000
2.730216	19.708000	2.733763	19.340000
2.493520	20.393999	2.492821	20.530001
2.214338	25.038000	2.213381	25.200001
2.124707	29.427999	2.121806	29.110001
2.085745	29.468000	2.082652	29.469999
2.068028	29.954000	2.061373	30.500000
2.000156	33.116001	1.998317	33.500000
1.927919	34.112000	1.930539	33.790001
1.913378	36.369999	1.918403	35.880001
1.926932	36.369999	1.932251	35.849998
1.835119	38.981998	1.846671	37.580002
1.855990	37.953999	1.863462	37.209999
1.775368	40.290001	1.792611	38.930000
1.783824	40.172001	1.800653	39.270000
1.752934	40.952000	1.768212	39.549999
1.788377	40.624001	1.799944	40.330002
1.745604	41.706001	1.757002	40.790001
1.828619	38.313999	1.838181	37.980000
1.755626	40.787998	1.775376	39.790001
1.775883	40.740002	1.791005	39.910000
1.685568	44.146000	1.704114	42.790001
1.671915	44.639999	1.693259	43.939999
1.645943	46.015999	1.670145	44.570000
1.757895	42.807999	1.775148	41.669998
1.903718	37.243999	1.921007	36.430000
1.797227	41.273998	1.815040	40.360001
1.740428	43.737999	1.758777	43.139999
1.743539	44.757999	1.762437	43.950001
1.742482	44.590000	1.763208	43.509998
1.665657	46.521999	1.684064	46.180000
1.712597	45.618000	1.733564	44.049999
1.674135	46.084000	1.694975	44.240002
1.635900	47.570000	1.654747	46.040001
1.663282	47.448002	1.681640	45.959999
1.562849	49.807999	1.581493	48.349998
1.598317	49.588001	1.614276	48.900002
1.501195	51.310001	1.517715	50.400002
1.617484	48.340000	1.637625	46.919998
1.518105	50.757999	1.536432	49.849998
1.684608	44.723999	1.702523	43.930000
1.691895	45.284000	1.708198	43.860001
1.497617	51.287998	1.520229	50.389999
1.473734	52.071999	1.501497	50.650002
1.470302	52.262001	1.494887	51.009998
1.464045	52.695999	1.494631	51.259998
1.457027	53.349998	1.489475	52.169998
1.438697	53.730000	1.472588	52.410000
1.438475	53.383999	1.471651	52.540001
1.416872	54.188000	1.455127	53.380001
1.535415	51.908001	1.561727	50.740002
1.414432	54.254002	1.450111	53.220001
1.450608	53.172001	1.490025	52.150002
1.451813	54.023998	1.492773	52.990002
1.415329	54.167999	1.457946	52.740002
1.396820	54.855999	1.440185	53.290001
1.407071	54.748001	1.444901	53.680000
1.431835	53.796001	1.471576	51.959999
1.375814	55.543999	1.417755	54.389999
1.389274	55.972000	1.428612	54.720001
1.384053	55.852001	1.425183	54.029999
1.398134	56.251999	1.435266	55.029999
1.569272	51.001999	1.594742	49.930000
1.393198	55.959999	1.430687	54.650002
1.377829	56.251999	1.415861	54.590000
1.380932	55.925999	1.421976	54.529999
1.400933	55.574001	1.444123	54.360001
1.388137	56.265999	1.427297	54.950001
1.354650	56.826000	1.396991	55.360001
1.383280	56.028000	1.427596	54.970001
1.391199	56.161999	1.432433	54.849998
1.390073	56.608002	1.436493	55.090000
1.371430	57.301998	1.413560	55.840000
1.355026	57.200001	1.397011	55.500000
1.418473	55.669998	1.464006	54.389999
1.420110	55.658001	1.467302	54.250000
1.352194	57.217999	1.399968	55.980000
1.353962	57.383999	1.400333	55.610001
1.351831	57.458000	1.396221	56.060001
1.403483	55.944000	1.445501	54.330002
1.364773	57.080002	1.407289	56.060001
1.374452	56.692001	1.418669	55.070000
1.374423	56.425999	1.418177	55.630001
1.378786	56.363998	1.423508	55.540001
1.362213	56.919998	1.407938	55.910000
1.410922	55.318001	1.456344	54.209999
1.370038	56.748001	1.419331	55.080002
1.371474	56.568001	1.420915	55.070000
1.378686	56.542000	1.426722	55.490002
1.380502	56.706001	1.428497	55.090000
1.395752	55.722000	1.447315	54.349998
1.389676	56.762001	1.438999	55.410000
1.425455	56.085999	1.472536	54.459999
1.504897	53.945999	1.540546	52.290001
1.406307	57.009998	1.453855	55.049999
1.419896	55.264000	1.473112	53.509998
1.380272	56.745998	1.427929	54.990002
1.384531	56.812000	1.427930	55.099998
1.375268	57.585999	1.421921	55.779999
1.335849	57.268002	1.384213	55.270000
1.334445	56.212002	1.390743	54.020000
1.377896	56.306000	1.429716	54.439999
1.363854	56.958000	1.416187	55.060001
1.354571	58.478001	1.404909	56.619999
1.373272	56.540001	1.418053	54.689999
1.343504	58.001999	1.391466	56.119999
1.366046	57.416000	1.414467	55.340000
1.328367	58.276001	1.380098	56.240002
1.463891	53.667999	1.500022	52.779999
1.345926	58.216000	1.392278	56.980000
1.429472	56.251999	1.469768	54.590000
1.344114	58.382000	1.383800	57.029999
1.342491	57.582001	1.389339	55.959999
1.359470	57.472000	1.402916	55.840000
1.367223	57.714001	1.407165	55.959999
1.316288	58.796001	1.359603	56.770000
1.409655	55.237999	1.450752	53.750000
1.318228	58.776001	1.361159	57.250000
1.428838	57.118000	1.466918	55.500000
1.378810	57.285999	1.421793	55.889999
1.386109	57.504002	1.428802	55.349998
1.346900	57.992001	1.393716	56.410000
1.378312	57.462002	1.426004	56.000000
1.402131	56.980000	1.450566	55.180000
1.372330	57.464001	1.425639	55.099998
1.388289	57.703999	1.439383	55.560001
1.387548	56.793999	1.443509	54.330002
1.373555	57.636002	1.433094	55.320000
1.405926	56.264000	1.468193	53.790001
1.379358	57.080002	1.434662	55.180000
1.387791	57.950001	1.441158	55.660000
1.355541	58.980000	1.412053	56.880001
1.357674	58.653999	1.411488	56.009998
1.374732	57.917999	1.428221	55.660000
1.383217	58.200001	1.439901	56.070000
1.360259	58.726002	1.418135	56.139999
1.369456	58.717999	1.428744	55.830002
1.347760	59.206001	1.407805	56.860001
1.363169	58.900002	1.424727	56.360001
1.419510	58.130001	1.480053	55.770000
1.360258	59.132000	1.423700	56.680000
1.384077	57.846001	1.448442	55.349998
1.417124	57.952000	1.473127	55.389999
1.394242	57.689999	1.453665	55.279999
1.395785	58.428001	1.458583	55.720001
1.413714	57.540001	1.473458	54.970001
1.418506	57.636002	1.475746	55.310001
1.454913	57.514000	1.513040	55.060001
1.444900	57.313999	1.501903	54.889999
1.630269	52.625999	1.675716	50.230000
1.418916	56.428001	1.473741	54.419998
1.443450	55.360001	1.492263	53.500000
1.331347	58.792000	1.391783	55.880001
1.374082	58.147999	1.428211	55.790001
1.350588	58.877998	1.408435	55.849998
1.341841	58.730000	1.403770	55.930000
1.333276	59.535999	1.398722	56.480000
1.364024	57.400002	1.428584	54.779999
1.337462	58.396000	1.408901	55.680000
1.310645	59.779999	1.381408	57.119999
1.324179	59.377998	1.388488	56.669998
1.307701	59.256001	1.376442	56.230000
1.306489	59.512001	1.376489	56.290001
1.300866	59.953999	1.369931	56.689999
1.306224	60.048000	1.374242	57.020000
1.332089	58.740002	1.400445	55.520000
1.307965	59.338001	1.378225	56.150002
1.302509	59.835999	1.370875	56.799999
1.361533	57.754002	1.427272	54.759998
1.341419	58.779999	1.411298	55.639999
1.322042	58.688000	1.391478	55.680000
1.296858	59.834000	1.371998	56.990002
1.285645	59.869999	1.359354	56.779999
1.428032	55.987999	1.490795	53.209999
1.317625	59.206001	1.386293	56.810001
1.298249	58.948002	1.365759	56.959999
1.309206	58.340000	1.382739	56.110001
1.306862	58.509998	1.374483	56.139999
1.322078	58.862000	1.385715	56.110001
1.296019	59.585999	1.359442	57.090000
1.333082	57.776001	1.402679	55.130001
1.331297	57.298000	1.403738	53.410000
1.325341	57.480000	1.395727	54.419998
1.289567	58.332001	1.362215	55.040001
1.403857	56.181999	1.468784	52.650002
1.300607	59.535999	1.368949	56.830002
1.339997	57.745998	1.403128	55.110001
1.325180	58.152000	1.392444	54.970001
1.367626	57.872002	1.431886	55.169998
1.305922	58.104000	1.373466	54.720001
1.345576	58.655998	1.413391	55.709999
1.335293	58.346001	1.405564	54.910000
1.398830	56.716000	1.467842	53.049999
1.313132	59.652000	1.386651	56.700001
1.534932	52.090000	1.582218	49.349998
1.446041	54.750000	1.506865	51.570000
1.322425	59.352001	1.390046	56.669998
1.330214	59.442001	1.402513	56.240002
1.343279	58.661999	1.408363	55.790001
