3.322468	21.736000	3.330903	21.340000
1.971290	41.919998	2.006921	40.680000
1.584718	49.854000	1.642492	48.169998
1.383562	54.914001	1.443611	52.990002
1.257038	58.476002	1.324513	56.709999
1.179120	61.037998	1.254896	59.180000
1.125470	62.945999	1.219310	60.980000
1.083101	64.148003	1.178110	62.320000
1.044745	65.723999	1.149810	63.270000
1.010478	66.711998	1.113339	64.330002
0.977059	67.907997	1.092021	64.870003
0.961275	68.536003	1.083244	65.620003
0.952462	68.972000	1.076484	65.599998
0.922575	69.956001	1.052589	66.150002
0.905705	70.440002	1.037751	66.820000
0.899137	70.975998	1.044383	66.959999
0.892428	71.398003	1.044256	67.459999
0.883243	71.648003	1.036716	67.820000
0.867535	72.197998	1.025797	67.940002
0.852294	72.678001	1.009821	68.220001
0.839681	73.087997	1.004361	68.610001
0.838617	73.374001	1.014004	68.860001
0.826320	73.407997	1.002176	68.739998
0.823128	73.846001	1.006380	68.959999
0.809265	74.227997	0.991404	69.110001
0.789303	74.830002	0.962947	69.440002
0.776482	75.255997	0.962170	69.680000
0.775762	75.375999	0.960679	69.830002
0.766802	75.522003	0.956862	69.930000
0.769834	75.774002	0.973844	69.910004
0.746977	76.190002	0.944572	70.440002
0.752357	76.309998	0.957314	70.370003
0.738885	76.664001	0.938555	70.750000
0.737694	76.750000	0.955000	70.580002
0.733957	76.828003	0.948282	70.879997
0.737692	77.024002	0.964194	71.040001
0.732597	77.267998	0.960667	70.959999
0.731766	77.351997	0.963126	70.900002
0.727242	77.496002	0.959594	71.040001
0.721952	77.694000	0.960234	71.110001
0.728693	77.723999	0.975141	70.879997
0.717374	77.842003	0.963035	70.919998
0.711822	77.839996	0.948492	71.070000
0.721439	77.708000	0.971785	71.029999
0.703996	78.115997	0.948775	71.559998
0.692065	78.556000	0.936989	71.639999
0.681660	78.652000	0.919018	71.769997
0.687499	78.711998	0.936266	71.980003
0.677862	78.998001	0.926363	71.870003
0.686546	79.008003	0.941610	71.870003
0.691179	78.818001	0.953812	71.750000
0.693440	79.024002	0.964544	71.690002
0.679906	79.389999	0.951209	71.959999
0.676098	79.052002	0.933894	71.889999
0.671351	79.482002	0.939482	72.089996
0.669811	79.550003	0.937022	72.389999
0.675291	79.480003	0.947773	72.230003
0.672263	79.367996	0.943533	72.309998
0.654068	79.542000	0.917684	72.120003
0.646292	79.874001	0.910442	72.430000
0.648482	79.961998	0.922230	72.150002
0.639219	80.204002	0.909333	72.589996
0.640368	80.237999	0.919610	72.699997
0.646213	80.360001	0.937465	72.669998
0.643862	80.571999	0.946219	72.599998
0.650850	80.325996	0.948855	72.320000
0.641142	80.500000	0.934614	72.480003
0.638356	80.435997	0.923464	72.430000
0.626991	80.692001	0.913862	72.559998
0.630407	80.685997	0.921845	72.480003
0.619996	80.762001	0.906393	72.669998
0.595371	81.372002	0.870260	73.040001
0.603399	81.332001	0.904382	72.910004
0.601406	81.484001	0.907156	72.690002
0.591084	81.615997	0.879123	72.970001
0.585124	81.720001	0.874617	73.019997
0.575395	81.882004	0.854305	73.589996
0.567197	82.157997	0.849982	73.849998
0.565690	82.213997	0.852451	73.610001
0.566545	82.306000	0.865682	73.839996
0.552412	82.300003	0.828738	73.889999
0.549727	82.545998	0.838818	74.010002
0.549491	82.709999	0.842979	73.949997
0.544388	82.998001	0.853649	74.010002
0.539376	83.194000	0.841503	74.019997
0.540917	83.218002	0.851060	73.949997
0.537665	83.311996	0.847450	73.959999
0.534443	83.421997	0.841756	74.389999
0.533919	83.402000	0.846087	74.160004
0.535396	83.320000	0.855986	74.180000
0.530134	83.309998	0.834223	74.300003
0.525849	83.517998	0.832350	74.250000
0.515921	83.734001	0.817232	74.889999
0.513525	84.024002	0.837240	75.029999
0.512227	84.138000	0.842263	75.019997
0.508419	84.033997	0.830756	74.930000
0.499181	84.356003	0.822857	74.879997
0.500039	84.351997	0.828762	74.879997
0.497159	84.412003	0.823214	75.089996
0.493762	84.580002	0.830020	75.190002
0.492445	84.820000	0.835034	75.110001
0.489667	84.811996	0.828751	75.089996
0.482453	84.933998	0.812021	75.150002
0.482439	85.003998	0.829695	75.449997
0.483645	84.882004	0.812332	75.230003
0.485771	84.973999	0.845007	75.239998
0.478378	85.106003	0.818952	75.459999
0.476671	85.110001	0.819655	75.730003
0.479311	84.952003	0.832274	75.519997
0.474175	85.367996	0.830461	75.820000
0.469917	85.377998	0.816464	75.750000
0.467776	85.468002	0.822881	75.820000
0.455519	85.713997	0.799736	75.860001
0.455244	85.818001	0.823464	75.589996
0.448716	85.963997	0.805093	75.980003
0.450027	85.996002	0.821961	75.800003
0.448075	85.882004	0.792305	75.989998
0.441926	86.138000	0.796105	76.000000
0.441709	86.014000	0.812498	76.040001
0.434740	86.197998	0.796751	76.199997
0.432686	86.276001	0.789522	76.099998
0.434669	86.199997	0.787896	76.050003
0.430288	86.323997	0.782705	76.110001
0.433145	86.407997	0.799362	76.150002
0.424883	86.540001	0.781346	76.389999
0.422814	86.554001	0.804700	76.190002
0.423076	86.606003	0.801120	76.150002
0.423023	86.599998	0.786021	76.029999
0.424335	86.598000	0.782878	76.099998
0.419088	86.781998	0.767557	76.449997
0.415146	86.839996	0.790555	76.220001
0.411619	87.008003	0.758323	76.410004
0.402970	87.204002	0.768239	76.510002
0.398324	87.358002	0.795616	76.760002
0.401366	87.311996	0.777068	76.650002
0.401292	87.290001	0.772699	76.529999
0.389675	87.612000	0.762769	76.870003
0.388477	87.713997	0.783825	76.660004
0.383419	87.846001	0.780442	77.180000
0.383886	87.910004	0.772238	76.989998
0.382785	87.893997	0.792670	76.889999
0.379161	88.003998	0.798851	77.029999
0.382758	87.860001	0.802081	76.860001
0.379271	87.975998	0.789113	76.970001
0.381161	87.952003	0.797373	76.959999
0.379654	88.056000	0.799233	76.889999
0.379874	88.008003	0.792496	76.809998
0.377698	88.134003	0.815866	76.750000
0.380562	88.115997	0.807504	76.720001
0.373804	88.281998	0.770950	77.019997
0.374880	88.250000	0.796382	76.790001
0.373705	88.227997	0.797081	76.739998
0.376314	88.120003	0.813327	76.480003
0.374720	88.211998	0.805159	76.629997
0.377735	88.087997	0.809616	76.599998
0.374997	88.125999	0.805544	76.330002
0.373207	88.248001	0.785714	76.940002
0.369285	88.416000	0.791271	76.839996
0.365787	88.578003	0.796463	76.769997
0.366373	88.634003	0.800933	76.949997
0.366638	88.487999	0.787721	76.879997
0.368117	88.477997	0.792195	76.699997
0.366522	88.603996	0.802189	76.970001
0.371778	88.538002	0.806464	76.620003
0.366382	88.543999	0.792722	76.870003
0.360973	88.767998	0.779343	77.150002
0.355639	88.795998	0.754369	77.459999
0.351312	89.031998	0.784415	77.330002
0.351635	89.073997	0.773778	77.199997
0.354905	88.982002	0.789048	77.260002
0.352348	89.000000	0.770487	77.169998
0.345712	89.162003	0.776028	77.250000
0.342502	89.372002	0.781139	77.400002
0.342341	89.206001	0.775549	77.339996
0.341107	89.236000	0.776884	77.050003
0.343915	89.120003	0.778464	77.080002
0.343210	89.157997	0.783708	77.239998
0.342431	89.281998	0.793701	76.879997
0.342772	89.262001	0.794527	76.980003
0.337705	89.374001	0.768910	77.260002
0.336955	89.293999	0.778848	77.070000
0.336622	89.386002	0.761935	77.300003
0.335461	89.424004	0.762474	77.089996
0.330087	89.557999	0.759947	77.110001
0.330816	89.578003	0.763003	76.970001
0.330523	89.505997	0.761034	76.809998
0.323661	89.755997	0.778579	77.070000
0.320577	89.737999	0.776278	77.129997
0.322774	89.772003	0.752254	77.290001
0.316889	90.000000	0.783786	77.309998
0.320481	89.889999	0.792813	77.120003
0.318980	89.926003	0.793082	77.160004
0.317692	90.010002	0.784490	77.529999
0.317252	89.963997	0.807398	77.379997
0.318332	89.963997	0.800264	77.269997
0.316688	90.084000	0.777152	77.430000
0.314321	90.148003	0.797067	77.110001
0.315282	90.157997	0.784026	77.360001
0.315622	90.258003	0.794931	77.349998
0.313756	90.332001	0.802752	77.260002
