3.312524	24.309999	3.312752	23.910000
1.939433	43.354000	1.963844	42.669998
1.631508	49.972000	1.668457	48.689999
1.412129	54.978001	1.460971	53.599998
1.293244	57.759998	1.352787	56.080002
1.207138	60.613998	1.273591	58.820000
1.152757	62.431999	1.224889	60.570000
1.102680	64.127998	1.184005	61.689999
1.083448	64.814003	1.176586	62.549999
1.046580	66.162003	1.142403	63.570000
1.027987	67.019997	1.130068	63.930000
1.012285	67.514000	1.126483	64.599998
1.009425	67.800003	1.124703	64.639999
0.996466	68.321999	1.121954	65.070000
0.964726	69.136002	1.091250	65.709999
0.955932	69.470001	1.086538	65.629997
0.939461	69.991997	1.078678	65.860001
0.940858	70.358002	1.090645	66.190002
0.931483	70.580002	1.083294	66.449997
0.921127	70.834000	1.073545	66.800003
0.926184	70.914001	1.083583	67.070000
0.884385	72.136002	1.043695	67.559998
0.893734	71.930000	1.057872	67.400002
0.890901	72.211998	1.061378	67.820000
0.876032	72.690002	1.050298	68.190002
0.862325	72.806000	1.036436	67.889999
0.873390	72.905998	1.053328	68.370003
0.851442	73.068001	1.029707	68.290001
0.851983	73.519997	1.045151	68.410004
0.847129	73.760002	1.043550	68.169998
0.853850	73.730003	1.047962	68.370003
0.836212	74.008003	1.029120	68.839996
0.818906	74.538002	1.016106	69.349998
0.813204	74.830002	1.013940	69.620003
0.812198	75.103996	1.022725	69.529999
0.797602	75.120003	1.001803	69.419998
0.795022	75.143997	1.001246	69.610001
0.814708	75.412003	1.043810	69.080002
0.789194	75.737999	1.007402	69.599998
0.786565	75.739998	1.009378	69.459999
0.789913	75.858002	1.015703	69.800003
0.773015	75.788002	0.985889	69.760002
0.756672	76.293999	0.969662	70.300003
0.749014	76.592003	0.961540	70.339996
0.756782	76.552002	0.978243	70.160004
0.736332	77.225998	0.966361	70.650002
0.734902	77.318001	0.964314	70.580002
0.727460	77.515999	0.951006	70.959999
0.731875	77.706001	0.970371	70.540001
0.716434	77.839996	0.941175	70.919998
0.715806	77.792000	0.953174	70.589996
0.730514	77.790001	0.979654	70.449997
0.736918	77.730003	0.990582	70.680000
0.717929	78.029999	0.963433	70.650002
0.722401	78.344002	0.980333	71.239998
0.716552	78.112000	0.965218	70.980003
0.690648	78.751999	0.935796	71.070000
0.704014	78.612000	0.965402	71.139999
0.697400	78.674004	0.949502	71.269997
0.701350	78.615997	0.952314	71.449997
0.689527	79.036003	0.942042	71.750000
0.681038	79.148003	0.942018	71.360001
0.678878	79.325996	0.941673	71.290001
0.687282	79.112000	0.944470	71.760002
0.697368	78.809998	0.960832	71.589996
0.670791	79.426003	0.930579	71.459999
0.657983	79.762001	0.909828	71.720001
0.654410	79.975998	0.911708	71.900002
0.653942	79.916000	0.925887	71.870003
0.641768	80.374001	0.913007	72.000000
0.636346	80.323997	0.901465	72.120003
0.635677	80.543999	0.907739	71.930000
0.634131	80.685997	0.919416	72.190002
0.641334	80.480003	0.937788	72.059998
0.635273	80.692001	0.930735	72.430000
0.625129	80.961998	0.906537	72.470001
0.618501	80.781998	0.893991	72.320000
0.614820	80.916000	0.889052	72.540001
0.635075	80.779999	0.933667	72.470001
0.617358	81.098000	0.913709	72.750000
0.625289	80.977997	0.928247	72.440002
0.621724	81.085999	0.920519	72.559998
0.608657	81.134003	0.890473	72.650002
0.600120	81.615997	0.889462	73.080002
0.606845	81.505997	0.915347	72.750000
0.606584	81.362000	0.911007	72.739998
0.600541	81.596001	0.903648	72.860001
0.621930	81.106003	0.926793	72.690002
0.604101	81.550003	0.905621	72.790001
0.617701	81.223999	0.923634	72.639999
0.585590	81.809998	0.872963	72.970001
0.582359	81.977997	0.877213	72.699997
0.589892	82.164001	0.907611	72.809998
0.590959	82.164001	0.914685	72.830002
0.587728	82.274002	0.911504	73.220001
0.577187	82.456001	0.892402	73.250000
0.583159	82.351997	0.904044	73.070000
0.578077	82.475998	0.892824	73.110001
0.590565	82.050003	0.905741	73.010002
0.573348	82.538002	0.887072	72.860001
0.565998	82.816002	0.881387	73.459999
0.554114	82.905998	0.861340	73.970001
0.553955	82.989998	0.871983	74.019997
0.544775	83.155998	0.864191	73.730003
0.566411	82.828003	0.902823	73.610001
0.580428	82.653999	0.921586	73.400002
0.554726	83.176003	0.892737	73.540001
0.555707	83.320000	0.902053	73.580002
0.545135	83.487999	0.885177	73.760002
0.552548	83.421997	0.898703	74.070000
0.544960	83.339996	0.883189	73.940002
0.550669	83.573997	0.899275	74.099998
0.549099	83.575996	0.901849	74.160004
0.533525	83.667999	0.869796	73.980003
0.532233	83.720001	0.865859	73.959999
0.538562	83.241997	0.861287	74.029999
0.525841	83.748001	0.855747	74.199997
0.519534	83.723999	0.838126	74.330002
0.511941	83.741997	0.825723	74.500000
0.496440	84.169998	0.808104	74.699997
0.488090	84.510002	0.801595	75.180000
0.498425	84.522003	0.838794	74.940002
0.485120	84.800003	0.821663	75.059998
0.484136	84.834000	0.822312	75.029999
0.497882	84.711998	0.857022	75.000000
0.479449	84.916000	0.812692	75.220001
0.473209	85.120003	0.826217	75.160004
0.469867	85.279999	0.812167	75.300003
0.466588	85.410004	0.809605	75.449997
0.456217	85.554001	0.787125	75.529999
0.453943	85.734001	0.792248	75.660004
0.451532	85.664001	0.791736	75.510002
0.451942	85.917999	0.807888	75.870003
0.452560	85.818001	0.809590	75.690002
0.461902	85.528000	0.835309	75.430000
0.448428	85.772003	0.800419	75.459999
0.440456	85.902000	0.796496	75.699997
0.439027	86.040001	0.813329	75.529999
0.442167	86.078003	0.828277	75.480003
0.439805	86.150002	0.812735	75.309998
0.447282	85.928001	0.819370	75.410004
0.454333	85.653999	0.822201	75.370003
0.434804	86.174004	0.793579	75.709999
0.431767	86.433998	0.799821	75.820000
0.434435	86.417999	0.822468	75.510002
0.430406	86.487999	0.808289	75.699997
0.434580	86.491997	0.822643	75.849998
0.429875	86.473999	0.781283	75.980003
0.419343	86.730003	0.789925	76.059998
0.414438	86.966003	0.794958	76.169998
0.417003	86.828003	0.808615	76.110001
0.416038	86.959999	0.810235	76.320000
0.419291	86.919998	0.813158	76.300003
0.414682	87.098000	0.787211	75.940002
0.421353	86.896004	0.810375	76.230003
0.421153	86.853996	0.815294	76.000000
0.422675	86.792000	0.818883	75.870003
0.424426	86.886002	0.828102	75.790001
0.420089	87.181999	0.840599	76.150002
0.427401	87.075996	0.854678	75.989998
0.422520	87.222000	0.851721	75.889999
0.417425	87.236000	0.825361	75.860001
0.419996	87.262001	0.843394	75.589996
0.422041	87.211998	0.849686	75.480003
0.430293	86.891998	0.861473	75.769997
0.421307	87.101997	0.852208	75.660004
0.406445	87.568001	0.806597	75.849998
0.406287	87.412003	0.809931	75.900002
0.403021	87.480003	0.800059	75.839996
0.392884	87.790001	0.798830	75.910004
0.403414	87.470001	0.824331	75.809998
0.402015	87.666000	0.849679	76.150002
0.394901	87.898003	0.831382	76.000000
0.395614	87.879997	0.820246	75.989998
0.383996	88.260002	0.807276	76.199997
0.382890	88.194000	0.804556	75.959999
0.381688	88.213997	0.817500	76.209999
0.383128	88.274002	0.824800	76.050003
0.384434	88.045998	0.798935	75.970001
0.379430	88.346001	0.820664	75.900002
0.380228	88.276001	0.821021	76.150002
0.375257	88.377998	0.801005	76.139999
0.369144	88.510002	0.789038	76.279999
0.372426	88.362000	0.789936	76.180000
0.360627	88.580002	0.763444	76.809998
0.362294	88.627998	0.785581	76.690002
0.358028	88.613998	0.777316	76.790001
0.345061	89.234001	0.758757	77.199997
0.355749	88.862000	0.787811	76.910004
0.346931	89.164001	0.786922	76.949997
0.346949	89.094002	0.794810	77.000000
0.346096	89.134003	0.797196	76.959999
0.354663	88.910004	0.814335	76.669998
0.358319	88.823997	0.802364	76.639999
0.351329	89.038002	0.803037	76.879997
0.348607	89.167999	0.803189	76.459999
0.348214	89.101997	0.807031	76.720001
0.346465	89.138000	0.805112	76.599998
0.347675	89.255997	0.815429	76.699997
0.338091	89.421997	0.793158	76.830002
