3.291988	24.892000	3.307769	23.820000
1.955990	41.756001	1.989390	40.630001
1.570988	50.722000	1.612747	49.189999
1.369817	55.532001	1.421342	53.700001
1.269961	58.706001	1.328929	56.619999
1.200526	60.702000	1.276890	58.029999
1.150996	62.464001	1.234961	59.599998
1.102748	64.300003	1.189282	61.290001
1.072671	65.529999	1.167117	62.639999
1.041223	66.674004	1.140474	63.939999
1.023940	67.253998	1.132135	64.599998
1.008653	67.820000	1.118438	65.099998
1.010464	68.209999	1.124620	65.070000
0.996563	68.424004	1.113896	65.290001
0.950357	69.564003	1.068632	66.120003
0.946773	70.033997	1.075922	66.339996
0.942339	70.026001	1.073520	66.480003
0.926390	70.667999	1.062118	66.900002
0.925011	70.767998	1.065656	67.160004
0.903792	71.293999	1.040450	67.430000
0.907255	71.774002	1.053263	67.790001
0.885894	72.094002	1.031070	67.809998
0.879334	72.344002	1.032850	67.989998
0.853521	72.779999	1.006074	68.129997
0.867087	72.886002	1.036733	68.389999
0.869188	72.961998	1.044476	68.129997
0.873386	73.141998	1.054847	68.559998
0.850688	73.528000	1.025768	68.570000
0.862849	73.688004	1.043446	68.650002
0.831216	73.956001	1.006594	68.839996
0.833747	74.330002	1.017218	69.129997
0.824882	74.587997	1.010936	69.419998
0.821194	74.708000	1.006714	69.459999
0.821147	74.620003	1.009051	69.379997
0.805255	75.265999	0.996531	69.720001
0.806660	75.311996	0.997424	69.760002
0.793317	75.515999	0.987270	69.800003
0.778766	75.820000	0.972461	70.360001
0.767691	75.875999	0.960872	70.339996
0.753874	76.334000	0.945584	70.620003
0.758221	76.674004	0.963362	70.440002
0.761688	76.655998	0.969611	70.730003
0.764493	76.741997	0.972678	70.739998
0.759813	76.788002	0.974790	70.639999
0.752389	77.110001	0.962356	70.980003
0.721580	77.403999	0.924013	71.440002
0.727556	77.461998	0.943997	71.220001
0.721816	77.783997	0.945016	71.070000
0.703987	78.181999	0.914332	71.709999
0.700605	78.167999	0.905833	72.129997
0.710828	78.293999	0.931207	72.110001
0.705932	78.615997	0.933284	71.839996
0.707673	78.489998	0.940225	71.930000
0.702791	78.680000	0.934256	71.930000
0.702155	78.606003	0.937180	72.239998
0.699972	78.744003	0.940211	72.480003
0.683305	79.112000	0.917335	72.110001
0.681155	79.222000	0.915201	72.209999
0.689608	79.050003	0.936559	72.169998
0.676180	79.208000	0.913385	72.209999
0.655873	79.788002	0.892237	72.589996
0.645655	79.896004	0.881939	72.519997
0.644399	80.073997	0.886445	72.290001
0.638715	80.199997	0.886259	72.800003
0.644825	80.171997	0.905673	72.760002
0.644738	80.164001	0.902489	72.940002
0.639673	80.253998	0.897113	72.820000
0.638845	80.362000	0.889514	73.019997
0.634607	80.748001	0.901486	73.220001
0.629746	80.830002	0.889138	73.559998
0.624919	80.832001	0.889080	73.309998
0.621162	81.005997	0.889187	73.769997
0.617211	81.024002	0.878156	73.620003
0.611260	81.152000	0.875549	73.599998
0.609674	81.199997	0.874839	73.790001
0.612840	81.297997	0.888073	73.540001
0.606559	81.424004	0.888049	73.820000
0.602837	81.531998	0.877798	73.750000
0.606489	81.542000	0.888828	73.989998
0.604580	81.664001	0.883674	73.930000
0.605996	81.680000	0.895056	73.900002
0.599017	81.669998	0.877812	74.180000
0.601424	81.783997	0.890230	74.089996
0.600390	81.945999	0.901375	73.879997
0.587260	82.084000	0.875567	74.139999
0.591125	82.031998	0.886913	74.230003
0.584298	82.286003	0.878005	74.239998
0.580090	82.311996	0.872857	74.239998
0.578939	82.269997	0.876619	74.470001
0.585053	82.152000	0.886512	74.050003
0.577456	82.314003	0.876862	74.260002
0.582746	82.218002	0.886188	73.989998
0.575758	82.306000	0.870618	74.239998
0.575854	82.466003	0.886463	74.139999
0.544394	82.919998	0.822070	75.070000
0.544028	83.206001	0.845037	75.050003
0.533754	83.382004	0.834531	75.169998
0.539158	83.536003	0.862662	75.129997
0.547105	83.486000	0.874861	74.970001
0.541169	83.508003	0.857310	75.019997
0.526255	83.806000	0.830783	75.279999
0.528247	84.031998	0.851714	75.400002
0.527307	83.956001	0.849801	75.180000
0.520123	84.113998	0.837502	75.440002
0.518923	84.192001	0.846454	75.080002
0.524529	84.125999	0.859674	75.279999
0.517132	84.279999	0.843160	75.120003
0.522812	84.178001	0.863347	75.010002
0.517884	84.225998	0.855707	74.870003
0.527017	84.269997	0.881492	75.199997
0.519767	84.311996	0.866466	74.830002
0.526015	84.262001	0.887301	74.809998
0.524036	84.365997	0.882867	74.959999
0.516423	84.461998	0.862882	75.080002
0.514379	84.419998	0.861991	74.900002
0.513040	84.454002	0.864197	75.089996
0.493871	84.736000	0.818610	75.279999
0.497780	84.624001	0.839180	75.000000
0.478204	85.108002	0.793027	75.559998
0.475281	85.056000	0.789461	75.480003
0.471476	85.057999	0.794373	75.739998
0.469931	85.337997	0.813185	75.349998
0.465999	85.342003	0.807521	75.470001
0.458105	85.557999	0.794802	75.660004
0.452375	85.811996	0.805623	75.860001
0.448776	85.933998	0.789907	76.110001
0.444089	85.972000	0.787001	76.089996
0.444457	86.070000	0.802618	76.220001
0.439943	86.194000	0.791948	75.980003
0.438980	86.148003	0.769288	76.150002
0.434161	86.288002	0.773257	76.379997
0.428555	86.442001	0.790221	76.470001
0.427274	86.421997	0.787216	76.099998
0.428349	86.487999	0.788523	76.269997
0.423617	86.486000	0.783632	76.559998
0.425901	86.648003	0.798277	76.309998
0.421905	86.811996	0.794472	76.419998
0.423827	86.778000	0.801650	76.379997
0.427307	86.622002	0.807484	76.230003
0.425141	86.681999	0.809947	76.209999
0.424757	86.694000	0.805852	75.989998
0.424124	86.648003	0.799018	76.379997
0.421788	86.750000	0.800227	76.099998
0.423523	86.697998	0.814489	75.949997
0.420952	86.877998	0.815233	76.070000
0.422999	86.834000	0.807565	76.269997
0.420938	86.828003	0.805261	76.110001
0.420496	86.947998	0.801021	76.029999
0.413566	87.059998	0.788822	76.269997
0.413317	87.052002	0.791377	76.160004
0.407063	87.202003	0.781656	76.250000
0.407674	87.435997	0.810271	76.209999
0.405873	87.400002	0.794179	76.430000
0.402230	87.505997	0.776505	76.430000
0.394766	87.722000	0.766750	76.830002
0.402682	87.318001	0.781398	76.430000
0.399148	87.514000	0.781354	76.529999
0.404046	87.526001	0.804586	76.580002
0.394379	87.806000	0.796486	76.720001
0.390923	87.910004	0.786431	76.660004
0.389149	87.980003	0.790476	76.650002
0.394979	87.860001	0.799628	76.650002
0.391723	88.000000	0.796598	76.500000
0.389574	88.050003	0.795923	76.699997
0.391503	88.015999	0.798407	76.830002
0.389204	88.064003	0.789970	77.220001
0.388959	88.000000	0.780308	76.800003
0.380511	88.334000	0.777077	76.980003
0.388062	88.192001	0.807764	76.690002
0.386567	88.251999	0.804072	76.870003
0.381174	88.400002	0.805466	76.889999
0.380926	88.295998	0.776923	76.620003
0.381246	88.320000	0.802442	76.650002
0.377460	88.480003	0.804933	76.730003
0.372924	88.542000	0.791636	76.580002
0.373123	88.477997	0.791106	76.860001
0.370854	88.704002	0.800284	77.010002
0.369712	88.610001	0.787710	76.870003
0.372474	88.589996	0.770395	76.419998
0.369103	88.664001	0.785107	76.449997
0.363157	88.788002	0.791276	76.800003
0.359111	88.746002	0.764804	76.879997
0.361326	88.667999	0.759272	76.779999
0.358928	88.862000	0.773243	76.910004
0.344984	89.216003	0.762479	77.269997
0.338587	89.358002	0.758305	77.430000
0.335500	89.529999	0.765330	77.680000
0.336971	89.398003	0.763801	77.680000
0.330337	89.596001	0.772144	77.360001
0.328869	89.751999	0.788855	77.389999
0.330327	89.741997	0.779350	77.610001
0.326887	89.758003	0.775505	77.699997
0.324851	89.802002	0.775253	77.629997
0.326699	89.718002	0.773632	77.389999
0.328469	89.723999	0.775408	77.449997
0.325496	89.973999	0.787309	77.550003
0.329088	89.800003	0.788587	77.360001
0.327555	89.907997	0.797657	77.570000
0.324723	90.071999	0.786587	77.820000
0.322188	90.138000	0.790109	77.660004
