3.383441	21.250000	3.388087	20.840000
1.982884	40.380001	2.014340	39.439999
1.574868	49.290001	1.626089	47.270000
1.394315	54.164001	1.453641	52.400002
1.255905	58.748001	1.321703	57.160000
1.187017	60.694000	1.257160	59.099998
1.124382	62.834000	1.204927	60.990002
1.078756	64.115997	1.165150	62.349998
1.044831	65.624001	1.141210	63.459999
1.010391	66.601997	1.108742	63.880001
1.003237	67.281998	1.117966	64.739998
0.963393	68.269997	1.073270	65.709999
0.947225	69.073997	1.064671	66.099998
0.944176	69.162003	1.064197	65.820000
0.920991	69.984001	1.047597	66.660004
0.899202	70.592003	1.025845	66.980003
0.886513	71.209999	1.022349	67.410004
0.875516	71.613998	1.010304	67.720001
0.862640	72.019997	1.006120	67.589996
0.859135	72.375999	1.009900	68.019997
0.843736	72.834000	0.999537	68.580002
0.832098	73.171997	0.990024	68.620003
0.812478	73.723999	0.976845	68.769997
0.810652	73.921997	0.985912	68.790001
0.813736	74.209999	0.993478	68.529999
0.800683	74.419998	0.981299	69.419998
0.796525	74.722000	0.977099	69.169998
0.786195	74.924004	0.970356	69.629997
0.767983	75.348000	0.956457	69.989998
0.750402	75.902000	0.932726	70.410004
0.744542	76.176003	0.933516	70.160004
0.740345	76.466003	0.943151	70.650002
0.727903	76.797997	0.930132	71.099998
0.729907	76.772003	0.938296	70.820000
0.730449	77.075996	0.945501	70.910004
0.725569	77.225998	0.947150	70.940002
0.709488	77.678001	0.926033	70.949997
0.707927	77.706001	0.929157	71.309998
0.701835	77.935997	0.931586	71.580002
0.698626	78.213997	0.932255	71.660004
0.692935	78.087997	0.924758	71.589996
0.695370	78.346001	0.940957	71.610001
0.685801	78.475998	0.923263	71.669998
0.682437	78.694000	0.927317	71.750000
0.685203	78.751999	0.939447	71.650002
0.678293	78.750000	0.927978	71.730003
0.673935	78.903999	0.918149	72.129997
0.653240	79.424004	0.892843	72.059998
0.662423	79.073997	0.914340	72.160004
0.673493	79.239998	0.933199	72.089996
0.668893	79.430000	0.935922	72.169998
0.655054	79.697998	0.919585	72.480003
0.664008	79.678001	0.940912	72.169998
0.650682	79.870003	0.917230	72.459999
0.649432	79.935997	0.915139	72.430000
0.650975	79.919998	0.923489	72.320000
0.645562	80.143997	0.917443	72.410004
0.655062	80.194000	0.942821	72.480003
0.646993	80.314003	0.931125	72.680000
0.645372	80.356003	0.928754	72.720001
0.644311	80.442001	0.938991	72.720001
0.641189	80.573997	0.934191	72.790001
0.637424	80.486000	0.923275	72.650002
0.626176	80.758003	0.912700	72.820000
0.635445	80.863998	0.930810	72.639999
0.632719	80.800003	0.930319	72.820000
0.619226	81.043999	0.906324	72.970001
0.637176	80.933998	0.941629	72.930000
0.642886	80.898003	0.955425	72.870003
0.631247	81.080002	0.938641	72.879997
0.612793	81.372002	0.907074	73.199997
0.602145	81.566002	0.895523	73.230003
0.600109	81.445999	0.888718	72.970001
0.591536	81.706001	0.882529	73.400002
0.606572	81.823997	0.927047	73.300003
0.587275	82.019997	0.890204	73.519997
0.583101	82.084000	0.877662	73.680000
0.569206	82.246002	0.856479	73.629997
0.556259	82.596001	0.833192	74.059998
0.558391	82.571999	0.855527	74.160004
0.560218	82.702003	0.873626	74.180000
0.547019	82.660004	0.829739	74.180000
0.543408	82.924004	0.834770	74.269997
0.541860	82.942001	0.837520	74.209999
0.541614	82.980003	0.847035	74.199997
0.538807	83.248001	0.839420	74.379997
0.534197	83.283997	0.829165	74.230003
0.532359	83.412003	0.842908	74.370003
0.520689	83.837997	0.833530	74.690002
0.517420	83.730003	0.839165	74.470001
0.513612	83.921997	0.840074	74.580002
0.508472	84.157997	0.821533	74.629997
0.506825	84.071999	0.816264	74.959999
0.500567	84.264000	0.824453	74.760002
0.498375	84.400002	0.833054	74.730003
0.500401	84.334000	0.839869	74.449997
0.493497	84.599998	0.833719	74.690002
0.491943	84.652000	0.823898	74.919998
0.492385	84.657997	0.824464	75.209999
0.486867	84.727997	0.825089	75.290001
0.488966	84.900002	0.844056	75.419998
0.486500	84.762001	0.828695	75.089996
0.486356	84.987999	0.848473	75.300003
0.476656	85.033997	0.817995	75.370003
0.473379	85.068001	0.819009	75.480003
0.468065	85.351997	0.818587	75.279999
0.474158	85.267998	0.839085	75.279999
0.475872	85.239998	0.834466	75.209999
0.471476	85.334000	0.827244	75.239998
0.463368	85.556000	0.812355	75.660004
0.459960	85.559998	0.812648	75.370003
0.456882	85.584000	0.810146	75.510002
0.459314	85.760002	0.836848	75.449997
0.460449	85.720001	0.839904	75.139999
0.450022	86.001999	0.820504	75.400002
0.447938	86.024002	0.808010	75.379997
0.443505	86.108002	0.813750	75.650002
0.439094	86.314003	0.804475	75.870003
0.444901	86.012001	0.819782	75.550003
0.441721	86.000000	0.806917	75.480003
0.441885	86.155998	0.832787	75.360001
0.439060	86.332001	0.808929	75.339996
0.436857	86.477997	0.819777	75.529999
0.431631	86.468002	0.814020	75.680000
0.430007	86.615997	0.825278	75.720001
0.431716	86.416000	0.792496	75.790001
0.425438	86.543999	0.802222	75.849998
0.420390	86.783997	0.789835	75.919998
0.423291	86.545998	0.792672	75.580002
0.412062	86.917999	0.785769	76.129997
0.402509	87.213997	0.785729	76.459999
0.401629	87.375999	0.793102	76.269997
0.398496	87.349998	0.780928	76.370003
0.395798	87.571999	0.800015	76.480003
0.392782	87.671997	0.800148	76.339996
0.395069	87.510002	0.785841	76.360001
0.389046	87.674004	0.773767	76.559998
0.387129	87.727997	0.787496	76.769997
0.385725	87.755997	0.782281	76.449997
0.382902	87.914001	0.789762	76.580002
0.379270	87.954002	0.793422	77.010002
0.377164	88.029999	0.782664	76.919998
0.379681	87.973999	0.802483	76.519997
0.372887	88.188004	0.770537	76.860001
0.369619	88.206001	0.783831	76.669998
0.374105	88.160004	0.782788	76.620003
0.371282	88.253998	0.792851	76.750000
0.373044	88.276001	0.807562	76.480003
0.367944	88.377998	0.785888	76.620003
0.367270	88.524002	0.785205	76.980003
0.366369	88.459999	0.784123	76.580002
0.365009	88.517998	0.790586	76.510002
0.366064	88.620003	0.788541	76.660004
0.366645	88.620003	0.794616	76.599998
0.369451	88.500000	0.801561	76.709999
0.372928	88.362000	0.804523	76.440002
0.363971	88.694000	0.808263	76.930000
0.364949	88.612000	0.795155	76.559998
0.361573	88.772003	0.803318	76.570000
0.368475	88.734001	0.816357	76.470001
0.362795	88.905998	0.808467	76.769997
0.370154	88.681999	0.819803	76.279999
0.362069	88.764000	0.793819	76.720001
0.365039	88.725998	0.805150	76.839996
0.358856	88.888000	0.795157	76.879997
0.362067	88.865997	0.787571	76.989998
0.357750	88.980003	0.782034	77.300003
0.354124	89.022003	0.784265	77.209999
0.350437	89.204002	0.801259	77.440002
0.349803	89.253998	0.772545	77.070000
0.349421	89.124001	0.794772	76.980003
0.348497	89.085999	0.783150	76.639999
0.347555	89.230003	0.768066	77.120003
0.342998	89.309998	0.782813	77.169998
0.342546	89.248001	0.779739	77.239998
0.341113	89.414001	0.784154	77.339996
0.339923	89.522003	0.799770	77.500000
0.339608	89.489998	0.766105	77.660004
0.335747	89.587997	0.756531	77.699997
0.330231	89.680000	0.745534	77.750000
0.331249	89.678001	0.734875	77.790001
0.328782	89.528000	0.765900	77.480003
0.325891	89.709999	0.744943	77.449997
0.320005	89.916000	0.746852	77.779999
0.317665	89.931999	0.761906	77.470001
0.314414	90.024002	0.757328	77.589996
0.316112	89.980003	0.761325	77.279999
0.314634	90.138000	0.764390	77.430000
0.313509	90.108002	0.769710	77.480003
0.318587	90.014000	0.758645	76.959999
0.312076	90.208000	0.780812	77.440002
0.311570	90.209999	0.783154	77.449997
0.311186	90.309998	0.791658	77.459999
0.311204	90.267998	0.783368	77.389999
0.308330	90.276001	0.766699	77.470001
0.308234	90.393997	0.782492	77.269997
0.315019	90.192001	0.786983	77.199997
0.311408	90.330002	0.792273	77.279999
0.314373	90.246002	0.779827	77.309998
0.313519	90.325996	0.793627	77.260002
