4.256866	20.900000	4.260292	20.290001
2.052603	39.905998	2.080691	39.130001
1.588535	49.908001	1.635615	48.820000
1.413724	54.452000	1.465832	53.110001
1.305551	57.959999	1.371706	56.270000
1.220497	60.048000	1.294334	58.000000
1.191855	61.504002	1.279252	59.660000
1.150346	63.091999	1.240081	61.009998
1.085572	65.064003	1.180684	62.560001
1.053375	65.412003	1.150951	63.020000
1.012966	66.853996	1.120326	64.150002
0.990886	67.603996	1.108118	64.800003
0.988070	68.066002	1.114118	65.089996
0.961232	69.113998	1.099440	65.760002
0.947191	69.625999	1.084281	66.120003
0.918918	70.183998	1.053743	66.300003
0.909138	70.818001	1.054888	66.529999
0.915897	70.786003	1.069025	66.910004
0.874559	71.802002	1.029395	67.330002
0.854787	72.318001	1.004869	68.010002
0.854132	72.445999	1.015571	67.800003
0.847179	72.849998	1.018682	68.230003
0.842625	73.066002	1.013467	68.419998
0.830860	73.470001	1.007108	68.750000
0.827671	73.806000	1.020885	68.639999
0.811221	73.972000	1.003046	68.800003
0.805846	74.202003	1.002323	68.849998
0.783817	74.680000	0.974195	69.540001
0.789325	74.790001	0.994916	69.610001
0.784319	75.141998	1.002095	69.650002
0.776854	75.435997	0.994228	69.599998
0.784535	75.466003	1.015488	69.330002
0.764964	75.587997	0.982434	69.629997
0.751987	75.938004	0.979608	69.699997
0.746044	76.332001	0.975628	70.250000
0.736152	76.543999	0.957624	70.089996
0.730772	76.624001	0.959256	70.209999
0.718300	76.945999	0.945631	70.059998
0.712152	77.138000	0.939283	70.339996
0.703186	77.445999	0.943267	70.370003
0.700692	77.730003	0.945187	70.699997
0.701546	77.722000	0.945873	70.639999
0.701926	77.928001	0.955555	70.779999
0.699542	77.996002	0.959349	70.690002
0.704673	77.816002	0.968879	70.430000
0.698756	78.138000	0.971178	71.080002
0.690243	78.197998	0.949275	71.180000
0.681255	78.807999	0.955539	71.620003
0.680242	78.832001	0.955219	71.370003
0.679345	78.814003	0.949184	70.839996
0.688427	78.823997	0.972854	70.750000
0.672536	78.996002	0.939393	71.349998
0.666581	79.295998	0.943527	71.260002
0.655516	79.360001	0.919830	71.209999
0.632011	79.907997	0.893280	72.010002
0.632569	80.075996	0.906227	72.180000
0.630687	80.050003	0.914921	71.879997
0.617999	80.337997	0.890220	72.169998
0.616857	80.545998	0.898696	72.519997
0.626436	80.482002	0.930661	72.290001
0.612085	80.706001	0.895265	72.089996
0.625587	80.657997	0.940886	71.790001
0.603565	80.860001	0.898846	72.349998
0.598626	81.225998	0.891863	72.690002
0.608525	80.977997	0.910190	71.879997
0.599295	81.033997	0.897961	72.480003
0.588583	81.370003	0.889327	72.769997
0.591057	81.592003	0.905754	72.959999
0.595660	81.585999	0.916610	72.739998
0.593802	81.648003	0.909691	72.870003
0.583622	81.795998	0.879797	72.970001
0.585750	81.938004	0.890911	73.050003
0.569629	82.085999	0.861237	73.459999
0.562452	82.190002	0.860690	73.519997
0.553756	82.323997	0.852139	73.669998
0.567430	82.078003	0.872716	73.430000
0.565050	82.314003	0.882743	73.400002
0.566385	82.353996	0.874690	73.470001
0.542585	82.926003	0.855523	73.739998
0.540429	82.935997	0.851478	73.680000
0.541517	82.921997	0.862106	73.650002
0.537007	83.085999	0.859612	73.570000
0.530078	83.103996	0.841547	73.699997
0.530531	83.080002	0.853701	73.839996
0.523338	83.545998	0.849092	73.989998
0.521732	83.505997	0.844533	74.019997
0.518061	83.713997	0.844711	74.260002
0.523323	83.685997	0.861981	74.169998
0.518996	83.848000	0.855753	74.360001
0.510884	83.888000	0.833733	74.379997
0.513326	83.994003	0.854706	74.480003
0.518321	83.804001	0.859361	73.949997
0.506909	84.012001	0.831195	74.400002
0.498878	84.292000	0.827082	74.639999
0.500201	84.337997	0.828917	74.599998
0.496208	84.433998	0.844643	74.489998
0.493052	84.571999	0.835887	74.580002
0.494278	84.695999	0.842538	74.570000
0.493537	84.667999	0.838433	74.739998
0.498792	84.500000	0.851638	74.730003
0.488109	84.825996	0.839455	75.199997
0.494271	84.865997	0.853936	74.930000
0.488018	84.924004	0.837535	75.059998
0.490698	84.814003	0.845492	74.980003
0.486251	85.014000	0.857342	74.820000
0.485359	85.033997	0.844898	74.959999
0.487490	85.029999	0.860052	75.059998
0.478578	85.288002	0.831529	75.150002
0.482378	85.167999	0.860377	75.190002
0.473700	85.374001	0.840193	75.639999
0.471978	85.297997	0.834982	75.379997
0.469580	85.363998	0.827067	75.309998
0.465043	85.503998	0.808124	75.660004
0.462525	85.547997	0.820598	75.529999
0.454955	85.802002	0.816419	75.370003
0.451166	85.860001	0.819553	75.809998
0.452313	85.886002	0.831896	75.370003
0.445983	85.902000	0.815496	75.550003
0.446729	86.148003	0.833241	75.629997
0.448116	85.963997	0.822588	75.820000
0.446609	85.982002	0.829692	75.589996
0.443216	86.155998	0.834768	75.930000
0.442189	86.300003	0.841141	75.709999
0.440693	86.372002	0.833434	75.760002
0.440930	86.396004	0.843935	75.730003
0.433074	86.405998	0.812797	75.690002
0.428061	86.674004	0.816610	75.970001
0.430874	86.702003	0.840996	75.980003
0.430571	86.568001	0.842422	75.870003
0.424505	86.720001	0.835916	76.010002
0.427300	86.776001	0.838051	75.820000
0.431429	86.552002	0.847382	75.589996
0.425756	86.820000	0.830972	75.690002
0.417105	86.975998	0.822356	75.779999
0.421993	87.015999	0.853625	75.910004
0.420938	86.980003	0.844654	75.599998
0.418659	86.975998	0.834226	75.790001
0.423512	86.926003	0.858191	75.769997
0.422238	86.837997	0.835132	75.720001
0.421986	87.017998	0.861024	75.620003
0.416807	87.008003	0.838346	75.800003
0.416887	86.959999	0.843894	75.760002
0.412518	86.994003	0.827753	75.660004
0.413465	87.085999	0.842597	75.800003
0.414086	87.239998	0.851021	75.599998
0.411647	87.281998	0.854959	75.790001
0.410673	87.365997	0.852260	75.610001
0.416566	87.222000	0.852067	75.639999
0.429159	86.928001	0.877526	75.300003
0.423407	86.984001	0.840327	75.750000
0.429920	86.776001	0.869430	75.620003
0.428595	86.713997	0.857331	75.379997
0.407001	87.424004	0.844042	75.760002
0.407871	87.573997	0.852654	75.849998
0.408858	87.482002	0.857021	75.690002
0.414091	87.330002	0.850138	75.930000
0.412412	87.407997	0.845218	75.949997
0.410611	87.531998	0.842772	75.870003
0.402982	87.587997	0.840682	76.099998
0.403456	87.587997	0.842472	75.940002
0.410407	87.363998	0.860496	75.790001
0.418541	87.290001	0.877354	75.820000
0.407421	87.678001	0.858355	75.800003
0.414932	87.598000	0.877044	75.879997
0.402090	87.896004	0.855013	75.870003
0.397234	87.774002	0.822612	76.040001
0.396874	87.753998	0.830468	75.930000
0.404160	87.685997	0.859521	75.750000
0.413536	87.290001	0.850883	75.839996
0.411968	87.568001	0.857871	76.040001
0.418574	87.218002	0.864062	75.809998
0.422708	87.286003	0.889392	75.820000
0.409584	87.681999	0.856085	75.959999
0.393493	87.998001	0.828806	76.059998
0.391061	88.087997	0.834243	76.160004
0.387756	87.966003	0.797928	76.260002
0.385554	88.236000	0.833436	75.699997
0.386000	88.183998	0.819237	76.290001
0.385863	88.155998	0.836123	76.169998
0.385191	88.045998	0.829549	75.919998
0.382628	88.293999	0.831958	76.199997
0.384253	88.306000	0.848511	76.220001
0.386855	88.396004	0.848979	76.070000
0.383766	88.414001	0.824072	76.260002
0.384848	88.402000	0.846636	76.269997
0.377598	88.606003	0.839214	75.989998
0.377881	88.442001	0.823997	76.169998
0.377196	88.388000	0.831609	75.910004
0.379231	88.307999	0.837863	76.019997
0.375824	88.445999	0.851577	75.790001
0.376559	88.458000	0.846778	75.809998
0.368105	88.571999	0.817347	75.779999
0.365860	88.648003	0.827921	76.059998
0.364755	88.741997	0.829130	76.300003
0.369386	88.734001	0.860733	75.889999
0.370348	88.769997	0.844127	75.949997
0.369242	88.769997	0.843186	76.139999
0.364797	88.848000	0.825600	76.080002
0.371591	88.730003	0.848885	76.120003
0.375480	88.566002	0.866068	75.900002
