1.771805	72.158333	1.760200	73.290001
0.647891	85.080002	0.627172	85.669998
0.424770	88.338333	0.405356	89.080002
0.340721	90.513336	0.324404	91.230003
0.303076	91.511665	0.286413	92.120003
0.261994	92.433334	0.248003	92.910004
0.235852	93.153336	0.221478	93.570000
0.220561	93.629997	0.209981	93.919998
0.206624	94.035004	0.196623	94.089996
0.198880	94.195000	0.187496	94.370003
0.186529	94.459999	0.176232	94.680000
0.182950	94.599998	0.172086	94.849998
0.173875	94.906670	0.162913	95.099998
0.165030	95.120003	0.153828	95.470001
0.159008	95.223335	0.148739	95.599998
0.156168	95.356667	0.145013	95.769997
0.148054	95.543335	0.136621	95.959999
0.144047	95.668335	0.134012	96.099998
0.140572	95.731667	0.130715	96.000000
0.136305	95.868332	0.126174	96.250000
0.133980	95.931664	0.123908	96.250000
0.128801	96.088333	0.118613	96.459999
0.132577	95.940002	0.121029	96.370003
0.123877	96.201668	0.112290	96.599998
0.121204	96.345001	0.112194	96.599998
0.118442	96.443336	0.107366	96.620003
0.115784	96.503334	0.104865	96.739998
0.113380	96.610001	0.104459	96.699997
0.110711	96.696663	0.100105	96.830002
0.107761	96.808334	0.097273	96.940002
0.107593	96.790001	0.097548	96.889999
0.105579	96.816666	0.095652	97.019997
0.101432	96.933334	0.091552	97.070000
0.102653	96.938332	0.092844	97.099998
0.102043	96.958336	0.092390	97.059998
0.099038	97.021667	0.089454	97.199997
0.097583	97.091667	0.088354	97.290001
0.097327	97.078331	0.089387	97.360001
0.095885	97.116669	0.087822	97.339996
0.095221	97.129997	0.087681	97.349998
0.094132	97.148331	0.087189	97.480003
0.090795	97.236664	0.083880	97.519997
0.090849	97.268333	0.082629	97.470001
0.092180	97.196663	0.084360	97.400002
0.090391	97.271667	0.082424	97.400002
0.091697	97.233330	0.084159	97.370003
0.088202	97.394997	0.081145	97.500000
0.087742	97.309998	0.079903	97.500000
0.087729	97.394997	0.078772	97.559998
0.086297	97.425003	0.079157	97.550003
0.084991	97.464996	0.076630	97.730003
0.083585	97.526665	0.075706	97.820000
0.084283	97.483330	0.075860	97.660004
0.083714	97.488335	0.075729	97.720001
0.081536	97.550003	0.072847	97.720001
0.079820	97.578331	0.071255	97.790001
0.082352	97.510002	0.073758	97.699997
0.083064	97.511665	0.074173	97.650002
0.080869	97.589996	0.071842	97.730003
0.081154	97.556664	0.072431	97.769997
0.077929	97.638336	0.070163	97.910004
0.077956	97.638336	0.070208	97.790001
0.076607	97.668335	0.068665	97.989998
0.075737	97.680000	0.067612	98.040001
0.077310	97.681664	0.069924	97.860001
0.076716	97.676666	0.069621	97.860001
0.076247	97.701668	0.069623	97.980003
0.074784	97.723335	0.068000	97.879997
0.073162	97.763336	0.068356	98.019997
0.074190	97.773331	0.067528	97.980003
0.073341	97.821663	0.066938	97.989998
0.071215	97.785004	0.064193	98.099998
0.070641	97.821663	0.065055	98.120003
0.070543	97.863335	0.064988	98.070000
0.069806	97.881668	0.063476	98.129997
0.069758	97.915001	0.063206	98.059998
0.069949	97.916664	0.064211	98.209999
0.067882	97.925003	0.061423	98.169998
0.066197	97.959999	0.060980	98.239998
0.067343	97.934998	0.062457	98.260002
0.066492	97.956665	0.061944	98.230003
0.065762	97.958336	0.060957	98.180000
0.067937	97.934998	0.062718	98.120003
0.064860	98.016670	0.060682	98.300003
0.065117	98.025002	0.059792	98.260002
0.065687	98.031670	0.061009	98.260002
0.066150	98.040001	0.061369	98.220001
0.063879	98.055000	0.059362	98.279999
0.062682	98.033333	0.057709	98.279999
0.062550	98.081665	0.058599	98.260002
0.061473	98.114998	0.058480	98.269997
0.062518	98.074997	0.058745	98.220001
0.061169	98.136665	0.058455	98.290001
0.061798	98.093330	0.058472	98.209999
0.061311	98.158333	0.057349	98.349998
0.061087	98.146667	0.057665	98.339996
0.061541	98.141670	0.058091	98.309998
0.060256	98.139999	0.057759	98.309998
0.059275	98.205002	0.056675	98.250000
0.059327	98.181664	0.056751	98.320000
0.058939	98.223335	0.056609	98.330002
0.059585	98.209999	0.057346	98.320000
0.057446	98.260002	0.054642	98.400002
0.057896	98.211670	0.054466	98.339996
0.058018	98.239998	0.054770	98.339996
0.059631	98.211670	0.056856	98.300003
0.059498	98.224998	0.056658	98.290001
0.057460	98.251663	0.054001	98.360001
0.057369	98.268333	0.054614	98.320000
0.056137	98.291664	0.053743	98.389999
0.057731	98.254997	0.054701	98.339996
0.057000	98.261665	0.053503	98.330002
0.057911	98.266670	0.054900	98.410004
0.056067	98.313332	0.054072	98.360001
0.056170	98.326668	0.054353	98.320000
0.056867	98.291664	0.055241	98.370003
0.057304	98.301666	0.055491	98.389999
0.056799	98.303337	0.054832	98.440002
0.057990	98.298332	0.056989	98.339996
0.056003	98.368332	0.054808	98.370003
0.055888	98.324997	0.054410	98.370003
0.056690	98.324997	0.055091	98.300003
0.056510	98.308334	0.054834	98.349998
0.056224	98.341667	0.055117	98.459999
0.055052	98.358330	0.053445	98.410004
0.055601	98.353333	0.054117	98.430000
0.056233	98.333336	0.055230	98.389999
0.055225	98.366669	0.053848	98.470001
0.056487	98.334999	0.055514	98.459999
0.055715	98.361664	0.054336	98.489998
0.054404	98.401665	0.054305	98.459999
0.055332	98.396667	0.054471	98.440002
0.055776	98.379997	0.055794	98.370003
0.053547	98.425003	0.053358	98.489998
0.054239	98.413330	0.053085	98.459999
0.054407	98.393333	0.053552	98.510002
0.054034	98.351669	0.053324	98.570000
0.054723	98.396667	0.055054	98.500000
0.053945	98.416664	0.053327	98.559998
0.053785	98.373337	0.052827	98.440002
0.052402	98.446663	0.050107	98.589996
0.054194	98.416664	0.052864	98.500000
0.055282	98.393333	0.054925	98.470001
0.053220	98.449997	0.051388	98.559998
0.053639	98.441666	0.052377	98.449997
0.052259	98.474998	0.051364	98.500000
0.052698	98.415001	0.052448	98.470001
0.052540	98.438332	0.051138	98.489998
0.052139	98.480003	0.051682	98.570000
0.051850	98.485001	0.051286	98.529999
0.051599	98.483330	0.051711	98.529999
0.052972	98.481667	0.052712	98.540001
0.052548	98.445000	0.052221	98.480003
0.053540	98.451668	0.052653	98.589996
0.052786	98.485001	0.052791	98.570000
0.052110	98.489998	0.051490	98.540001
0.051897	98.489998	0.050927	98.540001
0.051432	98.476669	0.051426	98.529999
0.052394	98.459999	0.051657	98.529999
0.051196	98.504997	0.051409	98.459999
0.050891	98.511665	0.050474	98.489998
0.050770	98.528336	0.049509	98.629997
0.051070	98.508331	0.050073	98.570000
0.050292	98.536667	0.048721	98.570000
0.049588	98.553337	0.047979	98.610001
0.050250	98.558334	0.049108	98.620003
0.050597	98.550003	0.050476	98.639999
0.050421	98.546669	0.050219	98.620003
0.050054	98.559998	0.049496	98.620003
0.049699	98.578331	0.048480	98.580002
0.050190	98.558334	0.049101	98.629997
0.051270	98.566666	0.049834	98.570000
0.050790	98.570000	0.048863	98.529999
0.049858	98.586670	0.048771	98.589996
0.049600	98.553337	0.047619	98.599998
0.050311	98.559998	0.048190	98.540001
0.050482	98.576668	0.047439	98.629997
0.049872	98.573334	0.047027	98.639999
0.049713	98.566666	0.047651	98.529999
0.050022	98.559998	0.048025	98.599998
0.050024	98.596664	0.048477	98.599998
0.048269	98.593330	0.047339	98.540001
0.048283	98.610001	0.047189	98.559998
0.048954	98.591667	0.048095	98.519997
0.049482	98.610001	0.048497	98.599998
0.049737	98.601669	0.049727	98.540001
0.049183	98.618332	0.049107	98.519997
0.048347	98.643333	0.047272	98.589996
0.049534	98.626663	0.048477	98.620003
0.048710	98.658333	0.047892	98.629997
0.050827	98.583336	0.049354	98.570000
0.050772	98.595001	0.049074	98.620003
0.049860	98.614998	0.048208	98.580002
0.049867	98.610001	0.048464	98.629997
0.050045	98.620003	0.048825	98.629997
0.048911	98.638336	0.047952	98.540001
0.049571	98.610001	0.047626	98.629997
0.048463	98.661667	0.047792	98.629997
0.049470	98.628334	0.048286	98.599998
0.049372	98.639999	0.048606	98.580002
