1.860747	74.233330	1.854061	75.000000
0.726382	83.230003	0.704642	84.029999
0.448084	88.533333	0.428479	89.129997
0.343877	90.300003	0.327966	90.889999
0.297723	91.680000	0.283114	92.160004
0.270222	92.230003	0.256085	93.050003
0.232959	93.258331	0.220457	93.669998
0.210743	93.753334	0.198992	94.120003
0.194400	94.181664	0.185307	94.419998
0.181481	94.616669	0.171932	95.000000
0.168017	94.915001	0.159226	95.150002
0.160567	95.139999	0.153808	95.360001
0.153725	95.355003	0.147688	95.540001
0.147135	95.574997	0.140195	95.760002
0.139590	95.753334	0.135190	95.739998
0.135440	95.823334	0.131962	95.879997
0.134645	95.821663	0.130557	95.839996
0.130553	96.004997	0.125043	96.080002
0.127938	96.080002	0.121953	96.190002
0.121162	96.285004	0.116111	96.309998
0.119556	96.301666	0.115611	96.320000
0.116932	96.434998	0.111952	96.500000
0.115732	96.480003	0.109778	96.480003
0.114148	96.563332	0.108087	96.680000
0.112253	96.583336	0.106036	96.699997
0.109311	96.724998	0.102661	96.790001
0.109378	96.726669	0.102018	96.870003
0.106334	96.790001	0.100127	96.860001
0.101303	96.936668	0.095821	96.989998
0.099598	96.970001	0.094614	97.000000
0.100967	96.966667	0.094679	97.120003
0.100786	96.934998	0.095415	97.029999
0.095556	97.105003	0.089799	97.050003
0.094669	97.158333	0.090095	97.160004
0.093328	97.195000	0.088426	97.139999
0.093530	97.105003	0.088647	97.209999
0.091668	97.235001	0.086816	97.169998
0.088906	97.298332	0.084818	97.150002
0.088285	97.346664	0.083368	97.330002
0.087008	97.443336	0.082084	97.419998
0.087780	97.385002	0.082482	97.449997
0.086185	97.445000	0.079891	97.459999
0.083512	97.541664	0.076371	97.550003
0.085477	97.448334	0.078444	97.449997
0.084128	97.529999	0.075995	97.610001
0.082623	97.543335	0.076364	97.470001
0.082175	97.535004	0.078098	97.610001
0.082973	97.483330	0.077846	97.519997
0.078760	97.638336	0.072780	97.699997
0.081689	97.548332	0.076038	97.540001
0.081109	97.616669	0.075315	97.620003
0.081202	97.563332	0.077402	97.449997
0.080036	97.605003	0.075501	97.550003
0.080846	97.618332	0.074993	97.660004
0.080658	97.598335	0.076126	97.550003
0.077359	97.709999	0.072006	97.680000
0.077966	97.711670	0.071801	97.720001
0.075161	97.783333	0.069770	97.720001
0.075664	97.803337	0.070716	97.790001
0.074650	97.771667	0.069275	97.790001
0.074313	97.779999	0.068607	97.760002
0.073385	97.830002	0.068296	97.769997
0.074412	97.809998	0.068651	97.849998
0.072564	97.883331	0.066331	98.000000
0.071447	97.906670	0.065500	97.889999
0.071926	97.878334	0.065157	97.949997
0.072216	97.889999	0.065878	97.989998
0.071364	97.900002	0.064691	97.989998
0.071060	97.926666	0.064041	98.040001
0.068790	97.904999	0.062897	97.989998
0.068851	97.961670	0.062655	98.099998
0.068793	97.934998	0.063271	98.010002
0.069953	97.938332	0.064749	98.019997
0.068387	97.973335	0.063971	98.050003
0.066206	98.018333	0.061558	98.050003
0.066014	98.043335	0.060969	98.169998
0.066533	98.006668	0.060974	98.029999
0.065455	98.036667	0.060966	98.010002
0.064542	98.056664	0.059476	98.059998
0.065159	98.044998	0.059805	98.050003
0.064743	98.036667	0.060147	98.150002
0.065421	98.036667	0.060037	98.120003
0.064956	98.050003	0.061438	98.029999
0.063818	98.133331	0.059179	98.139999
0.063974	98.078331	0.060045	98.110001
0.065900	98.026665	0.060960	98.120003
0.064714	98.044998	0.059957	98.129997
0.063445	98.106667	0.058549	98.220001
0.063333	98.088333	0.059298	98.120003
0.062665	98.135002	0.058486	98.199997
0.063854	98.123337	0.059812	98.199997
0.062375	98.195000	0.058268	98.099998
0.062038	98.143333	0.057260	98.120003
0.061799	98.201668	0.056349	98.160004
0.062452	98.150002	0.057862	98.169998
0.060977	98.199997	0.056045	98.169998
0.061840	98.184998	0.057148	98.180000
0.063436	98.146667	0.058664	98.089996
0.061065	98.175003	0.055983	98.129997
0.062049	98.169998	0.057097	98.199997
0.061434	98.205002	0.055608	98.269997
0.059869	98.250000	0.055908	98.230003
0.060668	98.260002	0.055273	98.260002
0.059208	98.286667	0.053219	98.339996
0.059747	98.303337	0.056142	98.199997
0.059271	98.281670	0.054691	98.230003
0.058178	98.316666	0.054308	98.230003
0.058272	98.321663	0.053958	98.250000
0.058610	98.291664	0.054092	98.269997
0.059973	98.288330	0.055333	98.269997
0.059241	98.283333	0.053573	98.339996
0.058246	98.328331	0.053202	98.349998
0.059302	98.366669	0.054570	98.269997
0.057185	98.375000	0.052461	98.279999
0.058317	98.343330	0.054255	98.199997
0.057428	98.300003	0.053895	98.269997
0.058698	98.338333	0.054298	98.300003
0.057503	98.363335	0.052759	98.269997
0.056841	98.333336	0.052589	98.339996
0.057230	98.378334	0.052702	98.300003
0.057546	98.375000	0.053755	98.239998
0.058482	98.389999	0.054191	98.279999
0.057303	98.348335	0.051826	98.309998
0.057429	98.339996	0.052411	98.320000
0.057991	98.331665	0.053007	98.300003
0.056137	98.389999	0.051067	98.360001
0.055964	98.385002	0.050302	98.419998
0.054826	98.378334	0.050122	98.309998
0.055359	98.368332	0.049083	98.480003
0.055844	98.349998	0.049899	98.470001
0.056168	98.364998	0.049931	98.389999
0.056505	98.371666	0.051680	98.410004
0.054708	98.421669	0.049730	98.500000
0.054380	98.419998	0.050277	98.419998
0.053264	98.438332	0.048317	98.510002
0.054159	98.419998	0.049936	98.500000
0.052676	98.455002	0.048924	98.449997
0.054749	98.434998	0.050595	98.480003
0.053814	98.471664	0.049987	98.480003
0.052556	98.521667	0.047596	98.500000
0.051590	98.470001	0.047040	98.540001
0.051188	98.468330	0.047196	98.500000
0.051474	98.483330	0.047602	98.500000
0.053753	98.486664	0.049006	98.519997
0.051222	98.500000	0.047495	98.510002
0.051935	98.448334	0.048725	98.500000
0.053218	98.445000	0.049310	98.459999
0.051960	98.471664	0.049434	98.500000
0.050802	98.516670	0.048740	98.470001
0.050393	98.528336	0.048275	98.489998
0.051420	98.519997	0.049247	98.440002
0.051004	98.514999	0.048242	98.519997
0.052442	98.456665	0.049926	98.470001
0.051099	98.468330	0.048353	98.510002
0.050651	98.529999	0.047317	98.510002
0.051541	98.493332	0.047863	98.489998
0.050735	98.464996	0.046666	98.529999
0.050331	98.536667	0.046516	98.580002
0.052064	98.446663	0.048826	98.470001
0.049428	98.546669	0.047083	98.550003
0.049708	98.571663	0.048172	98.489998
0.050470	98.498337	0.048773	98.510002
0.049349	98.544998	0.046956	98.500000
0.048296	98.606667	0.046748	98.599998
0.049372	98.578331	0.047827	98.529999
0.049449	98.568336	0.048523	98.529999
0.048008	98.591667	0.047006	98.540001
0.049270	98.531670	0.048028	98.559998
0.048163	98.526665	0.048326	98.550003
0.047092	98.584999	0.047034	98.570000
0.046992	98.623337	0.045971	98.610001
0.045927	98.620003	0.045564	98.540001
0.045777	98.641670	0.044977	98.550003
0.046897	98.621666	0.046568	98.580002
0.048824	98.586670	0.047083	98.480003
0.046743	98.628334	0.044388	98.629997
0.048430	98.553337	0.046088	98.519997
0.046588	98.605003	0.043847	98.589996
0.045893	98.633331	0.044302	98.570000
0.046448	98.611664	0.045012	98.550003
0.045053	98.684998	0.043711	98.620003
0.045753	98.623337	0.044175	98.610001
0.045176	98.684998	0.043134	98.610001
0.046134	98.646667	0.043562	98.650002
0.045701	98.663330	0.044400	98.599998
0.047114	98.635002	0.045424	98.589996
0.045143	98.686668	0.042981	98.629997
0.044932	98.691666	0.042852	98.690002
0.045955	98.666664	0.043475	98.650002
0.046119	98.663330	0.042964	98.650002
0.044528	98.696663	0.042351	98.650002
0.045171	98.703331	0.043454	98.629997
0.044757	98.724998	0.042075	98.669998
0.044052	98.735001	0.040820	98.650002
0.044459	98.691666	0.041975	98.639999
0.046156	98.663330	0.043525	98.620003
0.046516	98.663330	0.043359	98.629997
0.046048	98.669998	0.044447	98.620003
0.047205	98.654999	0.045673	98.610001
0.046072	98.711670	0.044123	98.599998
