2.171461	41.821667	2.168313	42.509998
1.796168	66.440002	1.785963	67.330002
1.272599	72.070000	1.256595	72.220001
0.891202	78.366669	0.871924	78.639999
0.676701	80.120003	0.664044	80.029999
0.530992	85.701668	0.516386	85.940002
0.444828	87.653336	0.431747	87.949997
0.409179	87.603333	0.396635	87.790001
0.381870	87.481667	0.369610	87.739998
0.318463	90.040001	0.305639	90.250000
0.339696	89.038330	0.329512	88.949997
0.313595	90.138336	0.302689	89.940002
0.282071	91.098335	0.268683	91.300003
0.275338	91.016670	0.263799	91.150002
0.270693	91.156670	0.261116	91.279999
0.265071	91.540001	0.254696	91.849998
0.251855	91.910004	0.240715	92.120003
0.222903	93.001663	0.214630	93.050003
0.219561	92.921669	0.209534	93.239998
0.204052	93.681664	0.194587	93.949997
0.205019	93.760002	0.194550	93.870003
0.208056	93.563332	0.196260	93.809998
0.202330	93.706665	0.190878	93.910004
0.195222	93.853333	0.185628	94.070000
0.184517	94.291664	0.174461	94.360001
0.198915	93.873337	0.190090	93.910004
0.178239	94.533333	0.170161	94.760002
0.175451	94.611664	0.165587	94.699997
0.168827	94.736664	0.161853	94.739998
0.164011	94.918335	0.154856	95.209999
0.156958	95.138336	0.146605	95.220001
0.169161	94.766670	0.160796	95.029999
0.159957	94.976669	0.153524	95.150002
0.148141	95.431664	0.140852	95.410004
0.156065	95.128334	0.148649	95.320000
0.147248	95.428337	0.138876	95.449997
0.148073	95.443336	0.141822	95.419998
0.148902	95.434998	0.142335	95.550003
0.140896	95.650002	0.132706	95.800003
0.146787	95.476669	0.139092	95.750000
0.139678	95.698334	0.131982	95.849998
0.132483	95.921669	0.127011	95.919998
0.128890	95.879997	0.122060	95.949997
0.127611	96.026665	0.120774	96.059998
0.123481	96.176666	0.118234	96.199997
0.123224	96.196663	0.117207	96.330002
0.124873	96.151665	0.120249	96.279999
0.119755	96.271667	0.113900	96.349998
0.116566	96.404999	0.111154	96.449997
0.114707	96.459999	0.107858	96.629997
0.112702	96.519997	0.107194	96.540001
0.111164	96.584999	0.105215	96.540001
0.111050	96.591667	0.107583	96.500000
0.111342	96.563332	0.106502	96.500000
0.112209	96.576668	0.107113	96.500000
0.110547	96.695000	0.105048	96.709999
0.109750	96.644997	0.102944	96.790001
0.109376	96.695000	0.102317	96.790001
0.111025	96.671669	0.104412	96.709999
0.111510	96.529999	0.103565	96.739998
0.105863	96.739998	0.098727	96.849998
0.108767	96.720001	0.101825	96.750000
0.105117	96.750000	0.098971	96.730003
0.103093	96.896667	0.098275	96.800003
0.103846	96.836670	0.099336	96.750000
0.101751	96.848335	0.095726	96.830002
0.100511	96.941666	0.094502	96.879997
0.100347	96.980003	0.094554	96.980003
0.102354	96.896667	0.097082	96.849998
0.102040	96.919998	0.095461	97.019997
0.094640	97.099998	0.091026	97.120003
0.095630	97.050003	0.091073	97.190002
0.099866	96.970001	0.095120	96.949997
0.103540	96.873337	0.099214	96.910004
0.101367	96.891670	0.095772	96.919998
0.106131	96.811668	0.100505	96.750000
0.097687	97.063332	0.093405	97.050003
0.099647	97.006668	0.096259	97.070000
0.099523	96.985001	0.096172	97.099998
0.092139	97.160004	0.089797	97.120003
0.096111	97.053337	0.091431	97.160004
0.094200	97.113335	0.091174	97.120003
0.098167	97.038330	0.094441	97.120003
0.100846	96.989998	0.094914	97.129997
0.096818	97.103333	0.091789	97.230003
0.097871	97.051666	0.094223	97.180000
0.098538	97.018333	0.095519	97.169998
0.091186	97.186668	0.090019	97.199997
0.096114	97.131668	0.094125	97.209999
0.091771	97.246666	0.089786	97.209999
0.091309	97.276665	0.086988	97.279999
0.091049	97.243332	0.088617	97.250000
0.092320	97.193336	0.089429	97.290001
0.091981	97.211670	0.090231	97.209999
0.085855	97.366669	0.084603	97.339996
0.084990	97.388336	0.082944	97.379997
0.085192	97.361664	0.083393	97.349998
0.083224	97.443336	0.079708	97.599998
0.085879	97.466667	0.081711	97.540001
0.083302	97.503334	0.080024	97.459999
0.086773	97.453331	0.079978	97.419998
0.084736	97.416664	0.080350	97.510002
0.087301	97.418335	0.081308	97.529999
0.085801	97.453331	0.081641	97.430000
0.083980	97.473335	0.080439	97.470001
0.084437	97.489998	0.080847	97.440002
0.078635	97.605003	0.076946	97.559998
0.078017	97.648331	0.076613	97.639999
0.075068	97.668335	0.074810	97.589996
0.075885	97.696663	0.074816	97.669998
0.076863	97.623337	0.072005	97.720001
0.075996	97.706665	0.070509	97.639999
0.078816	97.660004	0.074892	97.669998
0.076435	97.693336	0.070563	97.709999
0.079186	97.589996	0.074174	97.750000
0.071480	97.813332	0.066486	97.809998
0.076417	97.701668	0.070779	97.800003
0.075329	97.750000	0.071787	97.809998
0.076374	97.753334	0.070955	97.809998
0.080239	97.611664	0.074049	97.809998
0.082249	97.581665	0.076144	97.680000
0.084283	97.480003	0.079592	97.510002
0.084717	97.523331	0.078742	97.519997
0.084267	97.445000	0.081142	97.489998
0.082259	97.504997	0.078624	97.529999
0.080507	97.586670	0.075134	97.680000
0.077981	97.605003	0.072432	97.739998
0.078847	97.588333	0.075035	97.559998
0.078349	97.558334	0.074544	97.599998
0.079077	97.601669	0.075263	97.620003
0.084882	97.466667	0.079940	97.430000
0.082838	97.480003	0.077450	97.570000
0.083602	97.503334	0.078613	97.480003
0.082217	97.466667	0.077744	97.449997
0.076901	97.638336	0.073767	97.709999
0.072710	97.816666	0.068021	97.989998
0.069350	97.873337	0.064593	98.029999
0.071309	97.833336	0.067230	98.010002
0.077119	97.658333	0.075110	97.779999
0.072802	97.830002	0.068514	97.900002
0.069255	97.896667	0.066908	97.910004
0.070193	97.845001	0.065757	97.989998
0.074749	97.800003	0.070953	97.889999
0.075311	97.731667	0.071032	97.889999
0.069534	97.894997	0.067817	98.010002
0.066814	97.964996	0.064220	98.040001
0.067162	97.928337	0.063509	98.050003
0.065890	97.976669	0.063768	98.019997
0.067534	97.938332	0.065320	98.000000
0.066527	97.998337	0.064113	98.040001
0.066229	97.986664	0.062546	98.080002
0.067177	97.991669	0.063210	98.099998
0.069707	97.925003	0.065600	98.050003
0.069976	97.879997	0.067197	97.889999
0.068132	97.930000	0.067106	98.099998
0.067074	97.966667	0.064950	98.110001
0.072938	97.856667	0.068773	98.050003
0.068493	97.955002	0.064162	98.129997
0.064981	98.023331	0.060136	98.110001
0.063905	98.048332	0.060299	98.199997
0.065292	98.013336	0.062345	98.129997
0.068582	97.993332	0.064099	98.050003
0.067767	97.974998	0.063681	97.930000
0.067659	97.993332	0.064362	98.019997
0.067419	97.985001	0.065422	98.080002
0.068182	97.980003	0.064955	98.059998
0.066434	98.055000	0.063157	98.059998
0.063962	98.050003	0.059554	98.139999
0.062165	98.121666	0.058976	98.120003
0.062444	98.099998	0.060261	98.139999
0.061523	98.120003	0.058655	98.199997
0.063274	98.095001	0.058314	98.059998
0.060345	98.153336	0.057085	98.150002
0.062507	98.071663	0.058252	98.169998
0.061619	98.103333	0.056116	98.160004
0.061321	98.144997	0.056453	98.190002
0.059362	98.169998	0.057330	98.070000
0.060454	98.161667	0.058788	98.059998
0.062591	98.139999	0.061316	98.019997
0.059203	98.176666	0.056169	98.190002
0.062153	98.139999	0.058097	98.129997
0.062702	98.136665	0.058154	98.089996
0.063099	98.153336	0.059839	98.080002
0.061708	98.129997	0.057651	98.139999
0.062551	98.151665	0.058417	98.260002
0.060438	98.196663	0.058643	98.120003
0.061616	98.143333	0.058897	98.150002
0.060678	98.173332	0.057701	98.209999
0.062789	98.098335	0.060200	98.019997
0.068222	98.014999	0.063618	97.949997
0.074596	97.791664	0.070096	97.709999
0.071806	97.860001	0.067659	97.800003
0.065266	98.053337	0.063931	97.860001
0.064252	98.059998	0.062717	97.959999
0.061716	98.135002	0.062663	98.029999
0.062408	98.128334	0.061672	98.019997
0.063650	98.120003	0.062607	97.970001
0.066361	97.974998	0.065238	97.800003
0.063261	98.125000	0.063712	97.919998
0.061118	98.125000	0.061433	98.010002
