2.125312	48.478333	2.122325	50.250000
1.508215	68.820000	1.496885	69.430000
0.970511	78.353333	0.952318	79.169998
0.698919	82.011665	0.680098	82.629997
0.530964	85.973335	0.514349	86.330002
0.438108	87.363335	0.423563	87.500000
0.378965	89.243332	0.365402	89.650002
0.351848	89.516670	0.339258	89.940002
0.314768	90.878334	0.302257	91.209999
0.299875	91.220001	0.289578	91.559998
0.276521	92.018333	0.265936	92.470001
0.254365	92.540001	0.244671	92.680000
0.235854	92.963333	0.225176	93.199997
0.225703	93.285004	0.216126	93.410004
0.217481	93.434998	0.206930	93.680000
0.203738	93.981667	0.194050	94.160004
0.197342	94.098335	0.187399	94.230003
0.189663	94.308334	0.180735	94.330002
0.184112	94.396667	0.173839	94.599998
0.178073	94.651665	0.168429	94.769997
0.173235	94.751663	0.164801	94.779999
0.167830	94.991669	0.159955	95.059998
0.164871	95.076668	0.156955	95.139999
0.165176	95.033333	0.155197	95.209999
0.158190	95.236664	0.149975	95.459999
0.156307	95.291664	0.148886	95.370003
0.152847	95.353333	0.144670	95.489998
0.150959	95.368332	0.142709	95.400002
0.146631	95.476669	0.140219	95.610001
0.142326	95.691666	0.135400	95.779999
0.139953	95.731667	0.133103	95.820000
0.137368	95.800003	0.131113	96.000000
0.136187	95.826668	0.129352	95.930000
0.133427	95.870003	0.127627	96.059998
0.133985	95.876663	0.129272	96.010002
0.130988	95.976669	0.124957	96.080002
0.130450	96.018333	0.125525	96.199997
0.132745	96.026665	0.125761	96.070000
0.129621	96.026665	0.122910	96.099998
0.124341	96.181664	0.120000	96.279999
0.121818	96.263336	0.116464	96.430000
0.121617	96.294998	0.116174	96.510002
0.119580	96.370003	0.115575	96.559998
0.118429	96.389999	0.115365	96.440002
0.120542	96.385002	0.116568	96.459999
0.116501	96.466667	0.112803	96.510002
0.116716	96.466667	0.113658	96.440002
0.113716	96.583336	0.109506	96.669998
0.115028	96.523331	0.110484	96.580002
0.114377	96.531670	0.110895	96.480003
0.111419	96.586670	0.108608	96.620003
0.108740	96.733330	0.104598	96.800003
0.110260	96.666664	0.105957	96.709999
0.109444	96.654999	0.105964	96.660004
0.109703	96.699997	0.106139	96.769997
0.111363	96.656670	0.106859	96.720001
0.106195	96.830002	0.102914	97.000000
0.103649	96.863335	0.098820	96.989998
0.105270	96.801666	0.100988	96.870003
0.105196	96.813332	0.103293	96.889999
0.103571	96.858330	0.102612	96.910004
0.102486	96.900002	0.097930	96.879997
0.101220	96.956665	0.095510	97.070000
0.100542	96.953331	0.095767	96.940002
0.100569	96.945000	0.096795	97.050003
0.099101	96.998337	0.096036	96.930000
0.098541	97.014999	0.095904	97.050003
0.097597	97.013336	0.095795	97.089996
0.096202	97.091667	0.094075	97.129997
0.096153	97.059998	0.093911	97.120003
0.094810	97.141670	0.092488	97.209999
0.096275	97.044998	0.092607	97.129997
0.095278	97.088333	0.092217	97.150002
0.094282	97.131668	0.091442	97.150002
0.092375	97.163330	0.090220	97.230003
0.094314	97.081665	0.091748	97.220001
0.092150	97.156670	0.089620	97.169998
0.091063	97.213333	0.089141	97.269997
0.090866	97.169998	0.089311	97.220001
0.089263	97.239998	0.087820	97.330002
0.090211	97.245003	0.087281	97.269997
0.089586	97.203331	0.086948	97.260002
0.089767	97.258331	0.086911	97.260002
0.087823	97.288330	0.084124	97.309998
0.089506	97.253334	0.084749	97.279999
0.090521	97.231667	0.085487	97.320000
0.087697	97.279999	0.083924	97.370003
0.091288	97.258331	0.087757	97.309998
0.089896	97.300003	0.087091	97.269997
0.084867	97.360001	0.081025	97.489998
0.086043	97.358330	0.083712	97.320000
0.084458	97.406670	0.081852	97.440002
0.083923	97.373337	0.080026	97.489998
0.080795	97.531670	0.077334	97.500000
0.081650	97.488335	0.078284	97.489998
0.082613	97.521667	0.078148	97.629997
0.083232	97.461670	0.078674	97.660004
0.082067	97.538330	0.076792	97.610001
0.082369	97.516670	0.077492	97.550003
0.080234	97.538330	0.076100	97.580002
0.079804	97.544998	0.075247	97.599998
0.081190	97.531670	0.075808	97.529999
0.079994	97.563332	0.073914	97.669998
0.080010	97.571663	0.073568	97.660004
0.079960	97.576668	0.073906	97.699997
0.080442	97.596664	0.074541	97.650002
0.081297	97.529999	0.074318	97.650002
0.081362	97.603333	0.074858	97.650002
0.079844	97.574997	0.073531	97.629997
0.079300	97.611664	0.073802	97.680000
0.080253	97.580002	0.073922	97.699997
0.078095	97.623337	0.073870	97.730003
0.077960	97.650002	0.073026	97.680000
0.078000	97.658333	0.073817	97.709999
0.076183	97.709999	0.070948	97.650002
0.079015	97.695000	0.073436	97.750000
0.077906	97.718330	0.072436	97.639999
0.078524	97.690002	0.073355	97.730003
0.077569	97.675003	0.073534	97.650002
0.075496	97.714996	0.070303	97.709999
0.078075	97.688332	0.072951	97.690002
0.077595	97.648331	0.071477	97.760002
0.078311	97.651665	0.072957	97.760002
0.076350	97.754997	0.070334	97.669998
0.075311	97.688332	0.070086	97.730003
0.076395	97.681664	0.070515	97.750000
0.073844	97.754997	0.068094	97.800003
0.074113	97.726669	0.069492	97.650002
0.074545	97.698334	0.070024	97.639999
0.074967	97.733330	0.070262	97.769997
0.072974	97.781670	0.068155	97.809998
0.073953	97.805000	0.068968	97.910004
0.072769	97.831665	0.067782	97.820000
0.072728	97.824997	0.067775	97.949997
0.070347	97.878334	0.065389	97.910004
0.071765	97.910004	0.066454	97.940002
0.070587	97.883331	0.066335	97.830002
0.071312	97.891670	0.066699	97.879997
0.072428	97.885002	0.068699	97.889999
0.070787	97.871666	0.066157	97.940002
0.070254	97.861664	0.064680	97.860001
0.069913	97.923332	0.064724	97.930000
0.072560	97.875000	0.067545	97.949997
0.071381	97.846664	0.066939	97.940002
0.071534	97.875000	0.066204	97.919998
0.069768	97.938332	0.064628	97.940002
0.069591	97.956665	0.064116	97.959999
0.068942	97.955002	0.064041	97.980003
0.070636	97.906670	0.064749	98.019997
0.069297	97.943336	0.063919	98.010002
0.069230	97.959999	0.063330	98.000000
0.070007	97.901665	0.065373	97.910004
0.072336	97.846664	0.067391	97.830002
0.071205	97.916664	0.066427	97.870003
0.068664	97.968330	0.064202	97.910004
0.068956	98.010002	0.063228	98.010002
0.069128	97.993332	0.063397	97.940002
0.067679	98.021667	0.062321	98.050003
0.069435	97.988335	0.065300	97.910004
0.066987	98.023331	0.062617	98.010002
0.067002	97.996666	0.061751	97.989998
0.064933	98.061668	0.059598	98.040001
0.065366	98.068336	0.059950	98.089996
0.067293	98.019997	0.063140	98.010002
0.067389	98.029999	0.063528	97.980003
0.066521	98.048332	0.062282	98.080002
0.065876	98.059998	0.061171	98.019997
0.066805	98.033333	0.062180	98.070000
0.067718	98.040001	0.062895	98.059998
0.067084	98.050003	0.061465	98.019997
0.065371	98.081665	0.059995	98.129997
0.066118	98.028336	0.061845	97.980003
0.065567	98.063332	0.060855	98.070000
0.064983	98.113335	0.060755	98.010002
0.066551	98.095001	0.061604	98.080002
0.067161	98.071663	0.063352	98.019997
0.064943	98.131668	0.060735	97.989998
0.064890	98.125000	0.059901	98.110001
0.065315	98.143333	0.059975	98.040001
0.064317	98.138336	0.059627	98.029999
0.065981	98.050003	0.061615	97.949997
0.066164	98.046669	0.061747	97.989998
0.066356	98.068336	0.062224	98.029999
0.065310	98.113335	0.060573	98.160004
0.064829	98.096664	0.060654	98.199997
0.064625	98.150002	0.059845	98.139999
0.065303	98.113335	0.061357	98.120003
0.064069	98.131668	0.061277	98.070000
0.065737	98.076668	0.063111	97.959999
0.062473	98.173332	0.060009	98.169998
0.062288	98.168335	0.059484	98.059998
0.063448	98.135002	0.059992	98.040001
0.065139	98.128334	0.060616	98.050003
0.064754	98.144997	0.060207	98.089996
0.063731	98.160004	0.060219	98.059998
0.065799	98.106667	0.063095	98.000000
0.066410	98.098335	0.063172	98.010002
0.064770	98.160004	0.060807	98.059998
0.064444	98.118332	0.059785	98.089996
0.062506	98.176666	0.058042	98.139999
