1.855729	72.568336	1.846976	74.199997
0.705551	84.603333	0.683500	85.589996
0.432353	89.131668	0.409838	90.300003
0.354351	90.633331	0.333099	91.500000
0.307474	91.518333	0.289698	92.150002
0.277190	92.135002	0.259705	92.910004
0.238250	93.141670	0.221915	93.559998
0.229606	93.371666	0.214741	93.709999
0.205069	94.066666	0.190204	94.379997
0.190490	94.411667	0.176523	94.690002
0.178782	94.723335	0.165491	94.940002
0.169774	94.894997	0.157789	95.239998
0.164220	95.066666	0.153567	95.250000
0.156725	95.269997	0.145317	95.550003
0.150253	95.471664	0.139528	95.610001
0.144342	95.636665	0.134547	95.839996
0.142911	95.695000	0.133651	95.889999
0.138531	95.823334	0.128126	96.080002
0.131004	96.044998	0.119442	96.360001
0.125914	96.198334	0.115797	96.449997
0.125709	96.198334	0.115514	96.459999
0.120677	96.308334	0.110349	96.620003
0.119152	96.376663	0.109402	96.720001
0.116562	96.458336	0.107460	96.690002
0.115181	96.525002	0.104955	96.720001
0.113412	96.566666	0.103388	96.870003
0.108622	96.706665	0.098886	96.959999
0.105759	96.778336	0.095722	96.970001
0.103389	96.841667	0.093652	97.099998
0.101163	96.919998	0.092782	97.029999
0.099824	96.921669	0.091624	97.160004
0.100241	96.940002	0.091480	97.110001
0.099834	96.940002	0.091321	97.099998
0.098466	96.964996	0.090138	97.099998
0.095877	97.053337	0.086799	97.239998
0.091227	97.141670	0.083034	97.260002
0.091387	97.186668	0.082828	97.300003
0.090210	97.256668	0.081510	97.309998
0.088882	97.236664	0.081207	97.430000
0.087720	97.294998	0.078337	97.470001
0.088717	97.298332	0.079380	97.419998
0.087864	97.334999	0.077011	97.500000
0.085875	97.394997	0.076518	97.589996
0.085739	97.393333	0.077226	97.629997
0.083423	97.466667	0.075637	97.510002
0.084517	97.456665	0.076200	97.620003
0.082333	97.493332	0.073733	97.589996
0.081016	97.533333	0.072458	97.750000
0.079702	97.558334	0.072472	97.720001
0.082453	97.493332	0.074833	97.739998
0.081303	97.503334	0.072381	97.760002
0.080587	97.571663	0.073069	97.809998
0.078841	97.653336	0.071927	97.730003
0.079169	97.641670	0.072283	97.760002
0.078998	97.653336	0.072273	97.750000
0.077930	97.716667	0.071036	97.820000
0.074961	97.788330	0.068148	97.870003
0.077839	97.720001	0.070103	97.790001
0.076939	97.698334	0.070653	97.809998
0.074875	97.781670	0.067231	97.889999
0.073803	97.818336	0.065600	97.980003
0.072003	97.855003	0.064747	97.919998
0.072239	97.838333	0.063997	98.000000
0.073570	97.809998	0.065551	97.940002
0.072110	97.849998	0.064624	97.989998
0.071370	97.888336	0.064989	97.949997
0.072984	97.868332	0.065716	98.010002
0.070783	97.889999	0.063411	98.019997
0.070755	97.881668	0.062743	98.019997
0.068861	97.918335	0.061396	98.059998
0.069971	97.868332	0.063087	98.029999
0.070578	97.875000	0.064245	98.050003
0.069569	97.910004	0.062647	98.070000
0.069274	97.893333	0.062816	98.099998
0.067539	97.956665	0.061357	98.089996
0.067605	97.966667	0.060746	98.110001
0.066426	98.001663	0.060784	98.120003
0.066025	98.026665	0.059399	98.070000
0.065563	98.029999	0.059420	98.099998
0.066379	97.995003	0.059899	98.120003
0.065921	98.006668	0.058970	98.160004
0.065395	98.033333	0.059311	98.080002
0.064788	98.031670	0.059668	98.120003
0.065627	98.043335	0.060569	98.139999
0.064124	98.105003	0.059377	98.150002
0.063594	98.086670	0.058156	98.180000
0.062561	98.118332	0.056832	98.269997
0.062518	98.120003	0.054881	98.300003
0.064491	98.086670	0.057992	98.199997
0.061941	98.151665	0.055535	98.300003
0.062315	98.144997	0.055148	98.260002
0.062427	98.133331	0.055503	98.279999
0.062573	98.123337	0.056055	98.230003
0.061799	98.168335	0.054522	98.269997
0.062756	98.173332	0.056265	98.269997
0.062059	98.121666	0.056092	98.199997
0.063532	98.098335	0.057093	98.120003
0.062068	98.143333	0.056486	98.209999
0.061856	98.188332	0.056749	98.300003
0.061910	98.205002	0.055656	98.290001
0.061401	98.199997	0.057246	98.260002
0.059654	98.239998	0.054638	98.250000
0.059915	98.263336	0.054089	98.400002
0.060253	98.209999	0.053687	98.349998
0.059951	98.221664	0.053967	98.360001
0.061585	98.196663	0.056677	98.279999
0.059624	98.241669	0.055149	98.250000
0.057958	98.275002	0.052128	98.360001
0.057102	98.321663	0.051999	98.349998
0.057638	98.328331	0.051707	98.440002
0.057743	98.303337	0.051050	98.419998
0.058545	98.261665	0.052687	98.360001
0.058697	98.288330	0.053316	98.370003
0.057487	98.306664	0.052109	98.400002
0.057917	98.283333	0.053141	98.400002
0.057609	98.328331	0.052793	98.370003
0.057028	98.363335	0.052357	98.360001
0.057566	98.309998	0.053357	98.379997
0.055084	98.371666	0.050364	98.480003
0.055319	98.386665	0.050563	98.419998
0.055561	98.393333	0.051582	98.440002
0.056377	98.353333	0.052574	98.449997
0.056239	98.364998	0.052366	98.419998
0.056809	98.356667	0.052354	98.370003
0.054955	98.393333	0.049976	98.440002
0.053854	98.436668	0.049806	98.529999
0.055281	98.394997	0.049643	98.519997
0.054705	98.353333	0.050043	98.480003
0.053803	98.413330	0.049035	98.430000
0.053817	98.431664	0.048231	98.459999
0.053958	98.433334	0.048764	98.459999
0.054841	98.436668	0.050444	98.430000
0.053078	98.445000	0.049758	98.410004
0.054251	98.434998	0.052018	98.400002
0.053024	98.443336	0.050048	98.480003
0.053424	98.446663	0.050513	98.449997
0.053768	98.440002	0.049798	98.470001
0.053828	98.448334	0.050016	98.400002
0.053225	98.443336	0.049459	98.410004
0.052198	98.474998	0.048847	98.480003
0.050737	98.513336	0.048302	98.489998
0.050990	98.488335	0.048679	98.489998
0.050421	98.491669	0.047880	98.459999
0.049778	98.550003	0.046276	98.610001
0.049584	98.574997	0.046948	98.550003
0.050166	98.523331	0.048047	98.570000
0.050129	98.556664	0.048773	98.620003
0.048849	98.570000	0.046813	98.580002
0.050660	98.544998	0.048661	98.599998
0.050570	98.546669	0.048341	98.550003
0.048917	98.571663	0.046678	98.580002
0.049950	98.570000	0.047253	98.589996
0.050972	98.551666	0.048117	98.570000
0.049848	98.541664	0.048301	98.550003
0.050726	98.536667	0.049163	98.570000
0.049888	98.550003	0.048241	98.510002
0.049773	98.565002	0.048041	98.529999
0.049582	98.568336	0.048750	98.470001
0.049600	98.518333	0.049287	98.540001
0.049059	98.543335	0.046838	98.580002
0.048523	98.574997	0.046548	98.589996
0.048896	98.573334	0.047502	98.599998
0.050535	98.550003	0.049537	98.559998
0.048284	98.598335	0.045606	98.639999
0.049517	98.573334	0.047259	98.599998
0.048218	98.603333	0.046253	98.620003
0.048133	98.599998	0.046354	98.650002
0.047519	98.625000	0.045594	98.690002
0.047379	98.611664	0.046923	98.610001
0.047810	98.576668	0.048284	98.570000
0.047406	98.588333	0.046833	98.629997
0.046927	98.613335	0.045450	98.639999
0.046605	98.646667	0.045164	98.599998
0.046522	98.613335	0.044112	98.610001
0.046393	98.658333	0.045143	98.639999
0.046692	98.623337	0.045476	98.639999
0.047287	98.611664	0.045585	98.629997
0.047840	98.581665	0.046312	98.550003
0.046294	98.601669	0.043913	98.599998
0.046298	98.644997	0.044584	98.639999
0.046856	98.639999	0.045562	98.660004
0.048305	98.583336	0.048109	98.550003
0.046456	98.614998	0.045409	98.589996
0.046900	98.626663	0.044755	98.680000
0.046154	98.676666	0.044478	98.669998
0.045564	98.683334	0.043850	98.620003
0.044771	98.693336	0.042643	98.639999
0.046486	98.678337	0.044818	98.669998
0.044415	98.695000	0.042051	98.650002
0.045303	98.691666	0.043828	98.639999
0.044214	98.720001	0.042924	98.629997
0.045360	98.668335	0.043679	98.669998
0.044692	98.723335	0.043376	98.629997
0.044160	98.716667	0.042587	98.620003
0.043649	98.709999	0.041929	98.599998
0.045359	98.693336	0.043313	98.669998
0.044827	98.716667	0.043912	98.669998
0.044564	98.699997	0.043122	98.690002
0.044771	98.701668	0.044121	98.610001
0.045569	98.671669	0.043088	98.680000
