2.173694	34.113335	2.171502	35.119999
1.790498	62.941666	1.783261	63.259998
1.348138	71.083336	1.334731	71.580002
0.828225	83.091667	0.810047	83.879997
0.635763	87.133331	0.616409	88.269997
0.509363	87.398331	0.487828	88.739998
0.456697	88.199997	0.436393	89.019997
0.400393	89.150002	0.378298	89.889999
0.352129	90.128334	0.328044	91.290001
0.318100	90.805000	0.292677	91.860001
0.298270	91.223335	0.275225	92.300003
0.274541	91.771667	0.251996	92.720001
0.261531	91.988335	0.240270	92.870003
0.252612	92.324997	0.231143	93.160004
0.251858	92.218330	0.228266	93.080002
0.235021	92.801666	0.213739	93.330002
0.241946	92.376663	0.218936	93.110001
0.212180	93.438332	0.193545	93.900002
0.211658	93.445000	0.194551	94.010002
0.218230	93.058334	0.201246	93.690002
0.218275	93.023331	0.200481	93.629997
0.202549	93.529999	0.186331	94.010002
0.187002	94.173332	0.169798	94.480003
0.181912	94.313332	0.164219	94.650002
0.183457	94.290001	0.166207	94.680000
0.172853	94.578331	0.157016	95.040001
0.169394	94.580002	0.153763	94.949997
0.164178	94.763336	0.148278	95.209999
0.166547	94.638336	0.148704	95.370003
0.162614	94.861664	0.146754	95.320000
0.163456	94.686668	0.148407	95.150002
0.157691	95.061668	0.141775	95.410004
0.151828	95.306664	0.135723	95.870003
0.146717	95.318336	0.132430	95.809998
0.146940	95.321663	0.133196	95.910004
0.149930	95.291664	0.136177	95.790001
0.148159	95.231667	0.136577	95.680000
0.144554	95.504997	0.131983	95.930000
0.142551	95.535004	0.131472	95.919998
0.143118	95.349998	0.133138	95.830002
0.139614	95.538330	0.127066	96.040001
0.139551	95.556664	0.128175	95.989998
0.135352	95.856667	0.123257	96.389999
0.135739	95.863335	0.123828	96.290001
0.132083	95.888336	0.121136	96.250000
0.130190	95.915001	0.120162	96.320000
0.128995	95.983330	0.119235	96.279999
0.130082	95.940002	0.120445	96.190002
0.126279	96.074997	0.116589	96.309998
0.126661	96.053337	0.117460	96.339996
0.127220	96.029999	0.118407	96.239998
0.127836	95.916664	0.118636	96.190002
0.127715	95.841667	0.119946	96.110001
0.128372	95.906670	0.120019	96.199997
0.133836	95.831665	0.125692	96.010002
0.138650	95.591667	0.131395	95.870003
0.146575	95.294998	0.137820	95.589996
0.136454	95.669998	0.128842	96.099998
0.133056	95.883331	0.123901	96.180000
0.135029	95.711670	0.125507	95.940002
0.141835	95.599998	0.132382	95.919998
0.140634	95.686668	0.131578	95.949997
0.137068	95.783333	0.129724	95.970001
0.126781	96.074997	0.119020	96.410004
0.129679	95.948334	0.121146	96.199997
0.128642	96.086670	0.119830	96.320000
0.117660	96.358330	0.107648	96.730003
0.113742	96.461670	0.103434	96.620003
0.108301	96.568336	0.100895	96.769997
0.115794	96.334999	0.106970	96.440002
0.119583	96.070000	0.112323	96.269997
0.104505	96.728333	0.098622	96.730003
0.103940	96.798332	0.097936	96.910004
0.100573	96.973335	0.093610	97.209999
0.102630	96.834999	0.097788	97.070000
0.104316	96.809998	0.097410	97.070000
0.108317	96.651665	0.104659	96.809998
0.099788	96.816666	0.095403	96.919998
0.102952	96.788330	0.101088	96.809998
0.099171	96.936668	0.094028	97.129997
0.097863	96.970001	0.092029	97.269997
0.097463	96.989998	0.091887	97.209999
0.092355	97.133331	0.087766	97.339996
0.094245	97.093330	0.088420	97.349998
0.098038	97.010002	0.091378	97.279999
0.098327	96.983330	0.091217	97.199997
0.094901	97.048332	0.090311	97.300003
0.096124	97.059998	0.093383	97.190002
0.093938	97.013336	0.090981	97.169998
0.092646	97.136665	0.088861	97.389999
0.091491	97.118332	0.086976	97.330002
0.095734	97.053337	0.090837	97.300003
0.095418	97.081665	0.088355	97.449997
0.092441	97.195000	0.086363	97.400002
0.089087	97.309998	0.084471	97.550003
0.091580	97.205002	0.086402	97.410004
0.098525	97.014999	0.092958	97.290001
0.097449	96.968330	0.095080	97.160004
0.093211	97.089996	0.089856	97.190002
0.091922	97.191666	0.089157	97.220001
0.087872	97.358330	0.085411	97.379997
0.087594	97.355003	0.084294	97.440002
0.091663	97.214996	0.085786	97.489998
0.086756	97.349998	0.080823	97.629997
0.090383	97.264999	0.086018	97.440002
0.087682	97.290001	0.081690	97.559998
0.085561	97.338333	0.078677	97.559998
0.086001	97.305000	0.080910	97.519997
0.086541	97.338333	0.080521	97.500000
0.085263	97.355003	0.081162	97.370003
0.084435	97.355003	0.081631	97.459999
0.080810	97.501663	0.078224	97.650002
0.081589	97.440002	0.078210	97.620003
0.083075	97.408333	0.079212	97.550003
0.083924	97.356667	0.080049	97.610001
0.082606	97.408333	0.079050	97.599998
0.081854	97.440002	0.077663	97.709999
0.080318	97.533333	0.078181	97.610001
0.081329	97.500000	0.078123	97.730003
0.087269	97.341667	0.083671	97.599998
0.086163	97.315002	0.083201	97.480003
0.082763	97.464996	0.082184	97.480003
0.086569	97.368332	0.085918	97.440002
0.089679	97.320000	0.089186	97.410004
0.091555	97.195000	0.088865	97.410004
0.093939	97.233330	0.090080	97.500000
0.094115	97.209999	0.090878	97.379997
0.094471	97.203331	0.092168	97.250000
0.097719	97.128334	0.096613	97.110001
0.090859	97.293335	0.088095	97.480003
0.094092	97.248337	0.089570	97.529999
0.092604	97.256668	0.088397	97.489998
0.095873	97.184998	0.092147	97.430000
0.091323	97.251663	0.086465	97.570000
0.091471	97.253334	0.087369	97.599998
0.089832	97.285004	0.085875	97.620003
0.091590	97.254997	0.086231	97.610001
0.087093	97.353333	0.085442	97.510002
0.088637	97.318336	0.083546	97.529999
0.094795	97.136665	0.091410	97.400002
0.082907	97.421669	0.078952	97.650002
0.073633	97.721664	0.071915	97.800003
0.072062	97.750000	0.072074	97.709999
0.078006	97.606667	0.078005	97.720001
0.081985	97.551666	0.081640	97.699997
0.084961	97.504997	0.084119	97.709999
0.076351	97.658333	0.077916	97.680000
0.079509	97.613335	0.081035	97.620003
0.076159	97.730003	0.077818	97.639999
0.076245	97.698334	0.078633	97.739998
0.074005	97.720001	0.077428	97.760002
0.073706	97.711670	0.075291	97.779999
0.074867	97.723335	0.076067	97.839996
0.077251	97.663330	0.075588	97.860001
0.078717	97.641670	0.078689	97.809998
0.078918	97.621666	0.078363	97.870003
0.078557	97.678337	0.076163	97.870003
0.076091	97.768333	0.075085	97.919998
0.072559	97.820000	0.072614	97.919998
0.073132	97.768333	0.075485	97.709999
0.069839	97.889999	0.071739	97.980003
0.076276	97.709999	0.076920	97.930000
0.074371	97.748337	0.074008	97.949997
0.073876	97.815002	0.073764	97.959999
0.070800	97.849998	0.069719	97.879997
0.072633	97.824997	0.070316	97.830002
0.069322	97.916664	0.069116	97.980003
0.068434	97.956665	0.068675	97.910004
0.068873	97.943336	0.068842	97.940002
0.072279	97.821663	0.071302	97.830002
0.073576	97.803337	0.072342	97.760002
0.074976	97.724998	0.072349	97.870003
0.072779	97.816666	0.070015	97.900002
0.073618	97.823334	0.072120	97.879997
0.070141	97.866669	0.070206	97.949997
0.073951	97.798332	0.073857	97.930000
0.074371	97.714996	0.074855	97.769997
0.073381	97.743332	0.074434	97.690002
0.079601	97.608330	0.079285	97.690002
0.077957	97.614998	0.077534	97.610001
0.074846	97.705002	0.075814	97.709999
0.073415	97.731667	0.073560	97.709999
0.076473	97.696663	0.076752	97.680000
0.074952	97.676666	0.075467	97.680000
0.077074	97.650002	0.076899	97.739998
0.081401	97.580002	0.080579	97.660004
0.076878	97.716667	0.076297	97.839996
0.074672	97.821663	0.073914	97.839996
0.076757	97.731667	0.075846	97.760002
0.070778	97.788330	0.071770	97.870003
0.072000	97.754997	0.073529	97.769997
0.066276	97.976669	0.066909	98.000000
0.064878	98.018333	0.064739	98.139999
0.063649	98.044998	0.064162	98.099998
0.065182	98.028336	0.064549	98.050003
0.065968	97.971664	0.066822	98.019997
0.069312	97.919998	0.068019	98.160004
0.066147	97.980003	0.066162	97.989998
0.066777	97.955002	0.066014	98.099998
0.065613	97.981667	0.062984	98.199997
