2.026579	64.871666	2.019734	65.500000
0.806484	84.864998	0.778865	85.529999
0.490249	88.301666	0.465809	88.959999
0.346101	91.046669	0.323077	91.660004
0.281842	92.404999	0.261104	93.019997
0.254469	93.091667	0.234142	93.690002
0.214649	93.948334	0.196935	94.290001
0.195523	94.428337	0.178615	94.680000
0.180665	94.786667	0.164518	95.029999
0.165657	95.101669	0.150290	95.370003
0.156463	95.333336	0.143504	95.639999
0.147992	95.584999	0.135234	95.879997
0.142797	95.683334	0.129799	96.040001
0.137570	95.821663	0.125627	96.120003
0.128986	96.123337	0.117674	96.269997
0.125321	96.171669	0.114094	96.330002
0.121481	96.313332	0.110370	96.540001
0.118407	96.451668	0.107319	96.660004
0.115297	96.486664	0.104963	96.639999
0.110314	96.714996	0.098848	96.870003
0.109597	96.698334	0.099818	96.809998
0.106724	96.754997	0.096855	96.839996
0.102757	96.886665	0.093036	97.010002
0.101620	96.925003	0.091816	97.050003
0.100332	96.955002	0.090560	97.040001
0.097136	97.014999	0.087250	97.110001
0.096652	97.101669	0.086686	97.199997
0.093460	97.143333	0.083019	97.230003
0.093277	97.193336	0.083000	97.290001
0.092918	97.233330	0.082217	97.309998
0.090212	97.273331	0.080374	97.389999
0.087917	97.373337	0.077706	97.459999
0.087833	97.401665	0.076902	97.540001
0.083882	97.449997	0.073779	97.570000
0.082237	97.525002	0.072942	97.580002
0.082161	97.514999	0.072633	97.620003
0.081611	97.541664	0.072688	97.650002
0.080493	97.570000	0.071324	97.680000
0.078027	97.614998	0.069256	97.720001
0.078769	97.589996	0.070097	97.690002
0.077642	97.644997	0.068846	97.830002
0.076723	97.650002	0.068665	97.849998
0.076555	97.706665	0.068020	97.860001
0.076319	97.698334	0.066680	97.860001
0.077639	97.681664	0.069060	97.830002
0.075285	97.735001	0.067163	97.919998
0.074265	97.768333	0.065664	97.940002
0.075566	97.741669	0.067669	97.900002
0.073398	97.776665	0.066442	97.849998
0.073014	97.798332	0.065120	98.010002
0.074316	97.788330	0.066633	97.940002
0.073960	97.821663	0.065049	98.050003
0.074979	97.809998	0.066456	97.940002
0.074946	97.776665	0.067182	97.870003
0.072714	97.833336	0.064675	97.980003
0.073474	97.841667	0.065123	97.980003
0.069787	97.886665	0.061507	98.029999
0.068248	97.896667	0.060491	98.050003
0.068851	97.930000	0.060125	98.019997
0.067724	97.930000	0.059126	98.080002
0.068121	97.928337	0.058899	98.080002
0.068334	97.955002	0.058759	98.070000
0.069760	97.928337	0.060292	98.050003
0.067776	98.018333	0.058678	98.120003
0.066867	97.995003	0.057664	98.080002
0.066236	98.033333	0.056141	98.190002
0.064733	98.044998	0.055701	98.260002
0.064883	98.033333	0.055892	98.180000
0.063265	98.081665	0.054912	98.190002
0.064153	98.028336	0.056143	98.180000
0.063429	98.091667	0.055020	98.209999
0.063932	98.106667	0.055435	98.160004
0.063805	98.078331	0.056787	98.260002
0.062470	98.105003	0.054998	98.269997
0.061115	98.146667	0.053303	98.279999
0.060989	98.166664	0.052716	98.230003
0.061363	98.146667	0.052911	98.349998
0.060351	98.183334	0.052137	98.320000
0.059798	98.193336	0.052077	98.389999
0.058702	98.221664	0.050948	98.379997
0.059010	98.211670	0.050627	98.370003
0.060239	98.178337	0.051467	98.370003
0.058699	98.206665	0.050421	98.430000
0.060815	98.188332	0.052260	98.410004
0.060225	98.218330	0.051077	98.400002
0.059822	98.223335	0.051461	98.389999
0.057677	98.253334	0.049178	98.510002
0.057960	98.241669	0.050341	98.489998
0.059019	98.206665	0.051349	98.300003
0.058981	98.221664	0.051183	98.320000
0.059159	98.230003	0.050742	98.400002
0.059187	98.275002	0.051416	98.430000
0.059732	98.224998	0.051082	98.400002
0.056903	98.290001	0.049680	98.360001
0.057844	98.260002	0.050370	98.320000
0.055697	98.306664	0.048277	98.430000
0.057428	98.269997	0.050610	98.389999
0.055308	98.328331	0.049001	98.430000
0.056147	98.315002	0.049370	98.379997
0.056509	98.316666	0.049875	98.449997
0.057394	98.288330	0.051483	98.419998
0.054811	98.370003	0.047657	98.430000
0.055094	98.360001	0.047472	98.470001
0.054785	98.371666	0.046821	98.559998
0.054356	98.411667	0.046479	98.480003
0.053576	98.441666	0.046442	98.449997
0.054687	98.411667	0.047750	98.550003
0.054350	98.433334	0.047114	98.480003
0.053877	98.421669	0.047135	98.419998
0.053600	98.411667	0.046597	98.519997
0.054554	98.413330	0.047650	98.449997
0.054491	98.415001	0.047561	98.500000
0.055366	98.410004	0.048768	98.459999
0.053345	98.440002	0.046644	98.519997
0.053287	98.471664	0.046010	98.529999
0.054350	98.445000	0.047900	98.480003
0.052162	98.496666	0.044828	98.650002
0.052479	98.463333	0.045444	98.610001
0.052782	98.511665	0.045918	98.610001
0.051561	98.519997	0.044988	98.589996
0.051200	98.480003	0.044940	98.570000
0.050850	98.514999	0.044969	98.589996
0.051210	98.511665	0.044684	98.639999
0.051347	98.511665	0.045264	98.620003
0.049704	98.533333	0.043598	98.599998
0.049701	98.550003	0.043929	98.629997
0.050270	98.519997	0.043585	98.669998
0.051671	98.473335	0.045270	98.620003
0.051461	98.489998	0.045636	98.519997
0.050343	98.528336	0.043046	98.639999
0.048051	98.570000	0.040997	98.669998
0.048280	98.583336	0.042263	98.669998
0.048639	98.601669	0.042303	98.750000
0.048680	98.586670	0.042717	98.690002
0.049115	98.610001	0.042990	98.620003
0.049834	98.561668	0.044335	98.629997
0.048058	98.599998	0.042027	98.650002
0.046759	98.595001	0.041344	98.699997
0.047822	98.593330	0.041345	98.690002
0.046969	98.631668	0.040031	98.769997
0.048433	98.571663	0.040457	98.769997
0.047355	98.583336	0.040535	98.720001
0.047327	98.603333	0.040698	98.690002
0.048824	98.614998	0.042175	98.639999
0.048321	98.608330	0.041008	98.739998
0.047846	98.621666	0.041058	98.709999
0.046528	98.608330	0.040142	98.720001
0.047518	98.598335	0.041702	98.680000
0.047669	98.599998	0.041625	98.709999
0.047849	98.621666	0.043101	98.709999
0.046553	98.635002	0.041497	98.699997
0.046030	98.658333	0.041266	98.699997
0.046396	98.654999	0.042086	98.730003
0.046848	98.633331	0.042842	98.709999
0.047177	98.613335	0.043885	98.669998
0.046337	98.638336	0.042131	98.699997
0.046847	98.616669	0.043370	98.730003
0.047486	98.629997	0.044013	98.680000
0.046793	98.638336	0.042513	98.720001
0.047973	98.639999	0.043653	98.760002
0.046422	98.660004	0.042567	98.739998
0.044872	98.684998	0.041310	98.739998
0.046166	98.669998	0.042090	98.730003
0.044534	98.666664	0.040985	98.750000
0.044560	98.699997	0.041149	98.779999
0.045349	98.684998	0.041491	98.709999
0.044403	98.708336	0.040599	98.739998
0.046468	98.656670	0.043544	98.680000
0.046099	98.650002	0.043143	98.739998
0.047131	98.653336	0.043286	98.730003
0.046253	98.668335	0.042112	98.779999
0.045823	98.696663	0.042175	98.800003
0.044699	98.691666	0.040444	98.739998
0.043259	98.730003	0.039092	98.839996
0.043722	98.720001	0.040706	98.809998
0.044342	98.723335	0.040638	98.830002
0.043861	98.709999	0.039791	98.800003
0.043876	98.714996	0.039661	98.849998
0.046018	98.681664	0.043123	98.730003
0.043813	98.723335	0.040842	98.769997
0.044465	98.709999	0.041323	98.760002
0.045023	98.678337	0.042021	98.699997
0.045296	98.706665	0.042862	98.739998
0.044139	98.713333	0.042432	98.690002
0.044054	98.739998	0.042866	98.699997
0.044638	98.713333	0.042356	98.629997
0.042995	98.720001	0.041046	98.669998
0.044430	98.736664	0.041618	98.779999
0.043691	98.750000	0.041159	98.720001
0.044203	98.760002	0.042213	98.690002
0.044223	98.751663	0.041672	98.760002
0.043482	98.741669	0.041264	98.739998
0.043910	98.751663	0.041979	98.809998
0.044648	98.733330	0.042348	98.730003
0.043856	98.754997	0.041884	98.690002
0.044402	98.736664	0.042486	98.699997
0.043870	98.741669	0.041157	98.730003
0.043659	98.731667	0.040289	98.699997
0.043729	98.751663	0.041368	98.750000
0.045194	98.763336	0.042735	98.750000
