2.133874	40.735001	2.134678	40.369999
1.578842	65.261665	1.572648	65.260002
0.849236	83.143333	0.832832	83.489998
0.556736	84.771667	0.538679	85.000000
0.446846	88.021667	0.428229	88.739998
0.381456	89.985001	0.363855	90.860001
0.345021	89.459999	0.328092	89.889999
0.307462	91.391670	0.292025	92.190002
0.282280	91.921669	0.269054	92.660004
0.286762	92.001663	0.271299	92.629997
0.241628	92.940002	0.227135	93.669998
0.235436	93.296669	0.221510	94.019997
0.221578	93.701668	0.210113	94.169998
0.205923	93.811668	0.195298	94.180000
0.197424	94.016670	0.183997	94.599998
0.181631	94.426666	0.172927	94.870003
0.176629	94.684998	0.170550	95.019997
0.177888	94.413330	0.171234	94.610001
0.172821	94.773331	0.165092	95.070000
0.164733	94.961670	0.156660	95.199997
0.158399	95.110001	0.151221	95.400002
0.166134	94.808334	0.157002	95.199997
0.153078	95.198334	0.144839	95.379997
0.149294	95.378334	0.143227	95.580002
0.148835	95.426666	0.142600	95.570000
0.149822	95.478333	0.142260	95.620003
0.152352	95.218330	0.146619	95.650002
0.140759	95.566666	0.137037	95.680000
0.136333	95.698334	0.129996	95.989998
0.137372	95.693336	0.134061	95.879997
0.135544	95.786667	0.129320	96.059998
0.133262	95.836670	0.126471	96.019997
0.131425	95.904999	0.125836	95.940002
0.130095	95.921669	0.123919	96.139999
0.125306	96.074997	0.119646	96.089996
0.117281	96.375000	0.113092	96.379997
0.128346	96.083336	0.124174	96.110001
0.117379	96.305000	0.111049	96.430000
0.125670	96.163330	0.119013	96.239998
0.121723	96.221664	0.117547	96.349998
0.119022	96.271667	0.114872	96.330002
0.115227	96.418335	0.109547	96.459999
0.108122	96.686668	0.102496	96.910004
0.111134	96.526665	0.107176	96.669998
0.119037	96.271667	0.116548	96.459999
0.112889	96.443336	0.112163	96.470001
0.105852	96.661667	0.104740	96.669998
0.110706	96.576668	0.107960	96.639999
0.107552	96.608330	0.103158	96.849998
0.101572	96.888336	0.099077	96.830002
0.104820	96.775002	0.100974	96.900002
0.111938	96.586670	0.106334	96.510002
0.102107	96.801666	0.096420	96.870003
0.103417	96.768333	0.099525	96.820000
0.102196	96.900002	0.099714	96.910004
0.098603	96.921669	0.098181	96.919998
0.098417	97.013336	0.098834	96.879997
0.109835	96.584999	0.110458	96.620003
0.097582	97.001663	0.095216	96.949997
0.098569	97.073334	0.097731	97.080002
0.100827	96.885002	0.101775	96.930000
0.089730	97.214996	0.090151	97.169998
0.095063	97.086670	0.094520	97.120003
0.090986	97.245003	0.088470	97.230003
0.094585	97.121666	0.094468	97.050003
0.093780	97.116669	0.095695	96.970001
0.091366	97.288330	0.088020	97.290001
0.090404	97.216667	0.090073	97.029999
0.086092	97.398331	0.085830	97.389999
0.098149	97.126663	0.098899	96.989998
0.094462	97.188332	0.093433	97.250000
0.096623	97.056664	0.095200	97.029999
0.089988	97.328331	0.090143	97.269997
0.082990	97.483330	0.081374	97.419998
0.083394	97.503334	0.081772	97.440002
0.092561	97.224998	0.088256	97.260002
0.089485	97.309998	0.087053	97.129997
0.092709	97.248337	0.091198	97.250000
0.092226	97.264999	0.093291	97.190002
0.089061	97.349998	0.087843	97.320000
0.087929	97.416664	0.087397	97.349998
0.092371	97.336670	0.088095	97.290001
0.082130	97.455002	0.080320	97.339996
0.082497	97.431664	0.080143	97.529999
0.080947	97.546669	0.077792	97.639999
0.090816	97.321663	0.089284	97.269997
0.084335	97.423332	0.078813	97.470001
0.080860	97.546669	0.076649	97.639999
0.084682	97.523331	0.080313	97.529999
0.080048	97.639999	0.075840	97.760002
0.082813	97.529999	0.080684	97.470001
0.086522	97.433334	0.085931	97.279999
0.077100	97.713333	0.075759	97.599998
0.075540	97.688332	0.072048	97.800003
0.078639	97.695000	0.075904	97.680000
0.075151	97.708336	0.074468	97.769997
0.078194	97.620003	0.077658	97.580002
0.076389	97.681664	0.074027	97.720001
0.080064	97.593330	0.080686	97.349998
0.082569	97.513336	0.084861	97.279999
0.082848	97.548332	0.079093	97.529999
0.076061	97.683334	0.074683	97.570000
0.074915	97.730003	0.074138	97.699997
0.078845	97.691666	0.074281	97.820000
0.078796	97.570000	0.077845	97.620003
0.087678	97.451668	0.084569	97.330002
0.073639	97.788330	0.072214	97.730003
0.072891	97.808334	0.073904	97.720001
0.078360	97.690002	0.077178	97.540001
0.077349	97.730003	0.075855	97.629997
0.086826	97.466667	0.084194	97.389999
0.076930	97.753334	0.075855	97.650002
0.072063	97.878334	0.071570	97.790001
0.069431	97.933334	0.070198	97.839996
0.070794	97.871666	0.072997	97.699997
0.072977	97.845001	0.069226	97.790001
0.070411	97.945000	0.067774	97.870003
0.070666	97.898331	0.072720	97.779999
0.072364	97.875000	0.074587	97.839996
0.076239	97.828331	0.074805	97.739998
0.071463	97.833336	0.069076	97.879997
0.077687	97.723335	0.073702	97.610001
0.075278	97.705002	0.073476	97.769997
0.070529	97.910004	0.071157	97.769997
0.075457	97.776665	0.074184	97.589996
0.068706	98.003334	0.068004	98.000000
0.068215	97.945000	0.066956	97.949997
0.077975	97.661667	0.072095	97.779999
0.068625	97.938332	0.068800	97.860001
0.068298	97.970001	0.069448	97.910004
0.066063	97.983330	0.067691	97.989998
0.064465	98.063332	0.064518	97.970001
0.071546	97.934998	0.068876	97.970001
0.067965	97.931664	0.066380	97.949997
0.067883	98.008331	0.065755	98.110001
0.069524	97.894997	0.068964	97.980003
0.069607	97.875000	0.069167	97.849998
0.067381	97.934998	0.068718	97.889999
0.072945	97.830002	0.070847	97.879997
0.071234	97.845001	0.069725	97.870003
0.063509	98.080002	0.061741	98.050003
0.067846	98.006668	0.063123	98.089996
0.082440	97.581665	0.074523	97.739998
0.079595	97.673332	0.073537	97.790001
0.076849	97.786667	0.072595	97.879997
0.072424	97.923332	0.068234	98.040001
0.067707	98.011665	0.064148	98.010002
0.069650	97.931664	0.067093	98.000000
0.065995	98.081665	0.062952	98.080002
0.064612	98.098335	0.061905	98.089996
0.069031	97.875000	0.067930	97.849998
0.067158	97.995003	0.066068	98.000000
0.067066	97.985001	0.065078	97.949997
0.064564	98.108330	0.062048	98.199997
0.063236	98.129997	0.061201	98.209999
0.072878	97.788330	0.068496	97.870003
0.062531	98.176666	0.060647	98.199997
0.063384	98.098335	0.062607	98.099998
0.064938	98.041664	0.065354	97.980003
0.062569	98.099998	0.061643	98.099998
0.061091	98.150002	0.059728	98.209999
0.067120	98.010002	0.061580	98.160004
0.062671	98.103333	0.061254	98.120003
0.065565	98.029999	0.062927	98.089996
0.063935	98.114998	0.062254	98.080002
0.065630	98.080002	0.062429	98.160004
0.065713	98.091667	0.062711	98.089996
0.068143	98.021667	0.065411	97.980003
0.062396	98.156670	0.061352	98.080002
0.064133	98.050003	0.063662	98.080002
0.060894	98.171669	0.059394	98.220001
0.065216	98.128334	0.062768	98.089996
0.064654	98.080002	0.061642	98.110001
0.061866	98.138336	0.059766	98.099998
0.061904	98.203331	0.063040	98.139999
0.061975	98.188332	0.060549	98.089996
0.067648	98.053337	0.064326	98.070000
0.063970	98.121666	0.062352	98.190002
0.063606	98.121666	0.063234	98.089996
0.064209	98.123337	0.061400	98.139999
0.065858	98.123337	0.062322	98.110001
0.062054	98.235001	0.059750	98.260002
0.063272	98.148331	0.062343	98.180000
0.064476	98.178337	0.064157	98.160004
0.061330	98.264999	0.061525	98.250000
0.061180	98.220001	0.060825	98.260002
0.066619	98.066666	0.066552	98.050003
0.063757	98.153336	0.063939	98.139999
0.066593	98.103333	0.064065	98.129997
0.064589	98.121666	0.061935	98.169998
0.066245	98.113335	0.065568	98.099998
0.071059	98.086670	0.067994	98.139999
0.064641	98.183334	0.063409	98.230003
0.061808	98.216667	0.062360	98.190002
0.065902	98.160004	0.064458	98.139999
0.063464	98.138336	0.062446	98.199997
0.058695	98.250000	0.059471	98.330002
0.057484	98.290001	0.059111	98.330002
0.059749	98.245003	0.060518	98.220001
0.060788	98.203331	0.059174	98.250000
