2.091067	49.381668	2.087023	50.080002
1.432699	70.058334	1.416831	70.709999
0.824724	80.236664	0.799512	81.040001
0.556981	85.966667	0.533152	87.040001
0.448500	88.351669	0.427211	89.290001
0.385712	89.493332	0.367844	90.080002
0.338685	90.458336	0.321040	91.239998
0.309787	91.176666	0.292184	92.010002
0.285334	91.891670	0.269422	92.760002
0.264386	92.468330	0.248293	93.129997
0.250517	92.849998	0.234694	93.470001
0.232512	93.243332	0.216026	93.720001
0.215576	93.581665	0.200928	94.129997
0.213125	93.623337	0.199345	94.070000
0.200981	93.953331	0.189804	94.639999
0.191306	94.181664	0.179158	94.720001
0.182745	94.526665	0.172243	94.900002
0.179340	94.576668	0.169146	94.889999
0.171928	94.758331	0.164427	95.089996
0.168650	94.916664	0.157833	95.279999
0.167122	94.919998	0.155026	95.470001
0.158643	95.091667	0.149119	95.480003
0.155720	95.186668	0.146953	95.419998
0.156088	95.209999	0.146903	95.489998
0.145541	95.471664	0.138006	95.720001
0.142983	95.555000	0.136264	95.760002
0.145961	95.478333	0.136209	95.709999
0.140868	95.589996	0.133084	95.769997
0.135684	95.785004	0.128102	95.940002
0.135454	95.785004	0.128702	95.930000
0.136825	95.815002	0.130835	95.980003
0.132398	95.808334	0.126614	95.989998
0.130613	95.946663	0.123172	96.169998
0.128526	95.945000	0.123710	96.110001
0.127875	96.023331	0.122164	96.220001
0.126326	96.081665	0.121202	96.239998
0.124792	96.073334	0.121477	96.160004
0.120848	96.224998	0.117158	96.339996
0.122686	96.193336	0.117518	96.410004
0.120726	96.165001	0.116977	96.349998
0.115222	96.343330	0.110828	96.540001
0.114662	96.333336	0.109759	96.410004
0.111970	96.511665	0.107246	96.680000
0.110865	96.521667	0.107452	96.680000
0.112664	96.483330	0.108279	96.720001
0.112189	96.489998	0.108156	96.739998
0.109841	96.521667	0.108220	96.589996
0.108003	96.680000	0.105280	96.790001
0.109641	96.608330	0.107193	96.699997
0.110106	96.523331	0.106036	96.779999
0.105810	96.691666	0.102384	96.870003
0.106603	96.611664	0.104545	96.879997
0.105872	96.713333	0.103433	96.910004
0.101698	96.813332	0.099159	97.019997
0.102293	96.839996	0.099968	96.989998
0.102540	96.820000	0.100643	96.970001
0.098852	96.871666	0.098696	97.070000
0.101295	96.791664	0.099384	96.980003
0.099354	96.886665	0.098159	96.970001
0.097946	96.980003	0.096312	97.209999
0.096656	96.976669	0.094471	97.190002
0.096336	97.001663	0.094422	97.040001
0.095180	97.023331	0.093781	97.099998
0.093946	97.061668	0.092245	97.160004
0.095174	97.013336	0.094319	97.019997
0.094096	97.059998	0.092518	97.080002
0.093290	97.125000	0.090616	97.239998
0.091855	97.096664	0.089490	97.199997
0.091366	97.138336	0.089152	97.250000
0.090850	97.156670	0.090307	97.230003
0.091302	97.169998	0.090874	97.320000
0.091606	97.101669	0.091672	97.230003
0.089530	97.226669	0.088096	97.389999
0.089569	97.224998	0.088905	97.419998
0.088490	97.218330	0.086795	97.330002
0.088975	97.251663	0.088355	97.400002
0.087784	97.278336	0.087202	97.470001
0.087843	97.276665	0.087129	97.419998
0.085797	97.321663	0.085267	97.449997
0.085629	97.313332	0.083736	97.480003
0.084604	97.351669	0.082214	97.529999
0.085461	97.346664	0.083392	97.419998
0.083678	97.376663	0.083136	97.540001
0.084378	97.389999	0.083118	97.559998
0.083798	97.425003	0.083132	97.519997
0.083647	97.416664	0.081517	97.639999
0.081990	97.474998	0.079773	97.550003
0.081850	97.470001	0.079600	97.580002
0.081167	97.488335	0.077720	97.580002
0.080242	97.514999	0.077787	97.660004
0.082344	97.473335	0.079419	97.650002
0.082820	97.506668	0.078898	97.639999
0.081713	97.531670	0.078191	97.680000
0.080243	97.528336	0.076347	97.669998
0.079532	97.601669	0.076592	97.739998
0.080492	97.543335	0.077764	97.650002
0.078299	97.570000	0.076533	97.620003
0.078098	97.616669	0.076477	97.639999
0.080561	97.516670	0.079754	97.610001
0.079385	97.555000	0.077217	97.660004
0.078226	97.595001	0.075911	97.680000
0.079007	97.568336	0.077466	97.730003
0.077363	97.610001	0.076182	97.709999
0.077266	97.608330	0.074177	97.800003
0.075414	97.671669	0.073676	97.699997
0.077077	97.613335	0.074744	97.709999
0.075075	97.678337	0.073318	97.830002
0.074142	97.706665	0.071165	97.889999
0.073046	97.741669	0.070887	97.849998
0.074075	97.741669	0.072767	97.830002
0.072240	97.753334	0.071117	97.860001
0.072514	97.735001	0.071188	97.849998
0.072222	97.779999	0.070684	97.900002
0.072960	97.760002	0.071050	97.919998
0.071202	97.798332	0.069643	97.870003
0.073403	97.733330	0.070872	97.820000
0.072347	97.778336	0.069904	97.910004
0.071396	97.794998	0.069294	97.910004
0.071085	97.828331	0.069054	97.980003
0.071089	97.816666	0.070069	97.949997
0.069781	97.883331	0.068990	97.970001
0.070521	97.816666	0.070385	97.949997
0.071504	97.834999	0.071249	97.919998
0.070575	97.849998	0.069624	97.919998
0.070770	97.860001	0.069750	97.839996
0.070216	97.871666	0.070318	97.800003
0.068037	97.925003	0.067456	97.879997
0.068886	97.906670	0.068022	97.949997
0.067706	97.921669	0.067272	97.839996
0.068428	97.913330	0.068470	97.949997
0.067047	97.961670	0.066844	97.949997
0.066687	97.973335	0.065904	97.940002
0.067073	97.904999	0.066913	97.949997
0.065713	97.955002	0.066097	97.900002
0.066709	97.911667	0.065539	98.040001
0.066545	97.949997	0.065104	97.849998
0.067596	97.925003	0.067117	97.910004
0.066140	97.970001	0.064776	98.050003
0.065399	97.983330	0.064314	97.980003
0.065856	97.976669	0.064734	98.059998
0.065032	98.001663	0.062508	98.029999
0.065371	98.025002	0.064305	98.110001
0.065986	98.025002	0.064268	98.129997
0.065838	98.026665	0.063868	98.040001
0.064531	98.035004	0.061631	98.209999
0.064744	98.051666	0.061806	98.139999
0.064941	98.051666	0.060773	98.150002
0.064199	98.035004	0.060464	98.150002
0.064537	98.046669	0.061246	98.080002
0.064518	98.028336	0.060536	98.120003
0.063080	98.068336	0.059387	98.169998
0.063776	98.051666	0.061006	98.150002
0.064314	98.043335	0.060643	98.190002
0.062964	98.101669	0.060209	98.120003
0.062686	98.093330	0.059649	98.160004
0.062020	98.089996	0.058490	98.180000
0.062122	98.128334	0.059472	98.160004
0.062652	98.056664	0.059798	98.269997
0.062681	98.066666	0.059584	98.180000
0.063326	98.021667	0.060087	98.180000
0.061684	98.086670	0.058077	98.199997
0.061050	98.128334	0.058099	98.239998
0.062878	98.076668	0.059401	98.279999
0.063081	98.076668	0.060346	98.279999
0.062947	98.101669	0.059826	98.169998
0.063206	98.103333	0.059779	98.199997
0.063232	98.106667	0.059686	98.269997
0.061805	98.128334	0.059967	98.290001
0.060382	98.144997	0.058728	98.309998
0.060650	98.150002	0.058874	98.300003
0.062130	98.143333	0.059053	98.290001
0.062297	98.143333	0.059490	98.269997
0.062332	98.123337	0.058513	98.250000
0.061288	98.173332	0.058765	98.300003
0.062824	98.180000	0.059913	98.309998
0.061963	98.173332	0.059886	98.269997
0.062223	98.133331	0.060209	98.209999
0.060792	98.163330	0.058644	98.389999
0.060088	98.181664	0.058751	98.260002
0.061290	98.156670	0.059875	98.269997
0.061180	98.163330	0.059319	98.300003
0.061339	98.151665	0.059058	98.330002
0.060639	98.141670	0.058129	98.349998
0.061585	98.156670	0.059280	98.360001
0.061197	98.163330	0.059422	98.239998
0.059531	98.169998	0.058475	98.169998
0.060630	98.153336	0.058956	98.209999
0.059064	98.228333	0.057835	98.239998
0.061818	98.180000	0.060970	98.279999
0.060990	98.183334	0.059431	98.330002
0.061030	98.196663	0.059843	98.250000
0.058653	98.253334	0.057449	98.260002
0.058464	98.235001	0.057289	98.209999
0.058828	98.216667	0.057605	98.180000
0.058889	98.250000	0.057514	98.169998
0.060031	98.245003	0.058637	98.230003
0.058275	98.273331	0.056744	98.230003
0.059358	98.246666	0.057991	98.199997
0.057438	98.271667	0.056790	98.300003
0.056336	98.308334	0.056628	98.190002
