2.207300	29.721666	2.205164	30.780001
1.944352	54.598331	1.938616	55.230000
1.444995	71.336670	1.432734	71.949997
0.969901	78.389999	0.953991	79.029999
0.669032	83.073334	0.650121	83.849998
0.558934	83.811668	0.540249	84.470001
0.433729	88.650002	0.414930	89.639999
0.394843	88.688332	0.377498	89.260002
0.399707	87.571663	0.383656	88.129997
0.341604	89.955002	0.326735	90.370003
0.301383	90.928337	0.285413	91.459999
0.286329	91.364998	0.271206	91.949997
0.279311	91.470001	0.265599	92.019997
0.278537	91.305000	0.265932	91.610001
0.259223	91.786667	0.246949	92.110001
0.266754	91.366669	0.256467	91.570000
0.250243	91.926666	0.239663	92.339996
0.228013	92.580002	0.219863	92.919998
0.220418	92.883331	0.212525	93.150002
0.206302	93.411667	0.198507	93.820000
0.195080	93.823334	0.189896	94.019997
0.199807	93.544998	0.192685	93.800003
0.186400	94.068336	0.180921	94.150002
0.179838	94.309998	0.173160	94.470001
0.176032	94.470001	0.169867	94.660004
0.167762	94.706665	0.163087	94.730003
0.166133	94.721664	0.160796	94.790001
0.165800	94.833336	0.159118	95.000000
0.158750	95.029999	0.153483	95.129997
0.147283	95.433334	0.142346	95.559998
0.145426	95.404999	0.141360	95.440002
0.141070	95.466667	0.136043	95.559998
0.141394	95.623337	0.135366	95.690002
0.131504	95.858330	0.124332	96.029999
0.134003	95.726669	0.126648	96.029999
0.130302	95.896667	0.122835	96.150002
0.124789	96.076668	0.117909	96.180000
0.123163	96.110001	0.117068	96.220001
0.130160	95.919998	0.123147	96.000000
0.120430	96.253334	0.113286	96.279999
0.112674	96.470001	0.108286	96.449997
0.111671	96.423332	0.105579	96.500000
0.112687	96.411667	0.105707	96.500000
0.112751	96.410004	0.107175	96.410004
0.111392	96.366669	0.107890	96.410004
0.104847	96.763336	0.100800	96.580002
0.106381	96.636665	0.102136	96.690002
0.106511	96.665001	0.104038	96.449997
0.106587	96.698334	0.102060	96.660004
0.101131	96.809998	0.097867	96.870003
0.101090	96.858330	0.096679	96.849998
0.103430	96.816666	0.099443	96.860001
0.100423	96.903336	0.097905	97.010002
0.102883	96.821663	0.099551	96.849998
0.097688	96.974998	0.094826	96.949997
0.097836	96.943336	0.093611	96.870003
0.094997	97.025002	0.091956	97.080002
0.095919	97.023331	0.093205	96.930000
0.095293	97.014999	0.090964	97.099998
0.094681	97.078331	0.090935	97.059998
0.092410	97.123337	0.088153	97.120003
0.095804	97.023331	0.091632	97.080002
0.089790	97.144997	0.085606	97.250000
0.087837	97.279999	0.084239	97.190002
0.087240	97.308334	0.083772	97.180000
0.087836	97.256668	0.084300	97.150002
0.082438	97.446663	0.077780	97.279999
0.085909	97.320000	0.081125	97.239998
0.088405	97.286667	0.085628	97.239998
0.085485	97.381668	0.081399	97.370003
0.085048	97.334999	0.082640	97.220001
0.086773	97.323334	0.083834	97.269997
0.088878	97.318336	0.084659	97.169998
0.084451	97.434998	0.080382	97.360001
0.089756	97.320000	0.083851	97.300003
0.086725	97.413330	0.082060	97.370003
0.085450	97.403336	0.081962	97.379997
0.085373	97.453331	0.081053	97.480003
0.083865	97.478333	0.078992	97.550003
0.083068	97.478333	0.080346	97.389999
0.083025	97.496666	0.080117	97.360001
0.083842	97.473335	0.080790	97.400002
0.083250	97.500000	0.081696	97.529999
0.081764	97.485001	0.080063	97.320000
0.080710	97.571663	0.077375	97.550003
0.078558	97.641670	0.076653	97.589996
0.080340	97.589996	0.077676	97.510002
0.081116	97.618332	0.077261	97.580002
0.077464	97.675003	0.073637	97.629997
0.076741	97.663330	0.073222	97.629997
0.077956	97.643333	0.073865	97.610001
0.075480	97.721664	0.071826	97.720001
0.073676	97.763336	0.070403	97.800003
0.073498	97.709999	0.068803	97.760002
0.074921	97.628334	0.070292	97.699997
0.073934	97.718330	0.069449	97.779999
0.075123	97.698334	0.069618	97.709999
0.074605	97.753334	0.070447	97.680000
0.074193	97.723335	0.069283	97.779999
0.074710	97.739998	0.070597	97.730003
0.073517	97.741669	0.069826	97.690002
0.072925	97.760002	0.067325	97.760002
0.072871	97.728333	0.067628	97.760002
0.073326	97.730003	0.070335	97.650002
0.072157	97.796669	0.067214	97.760002
0.068961	97.826668	0.065290	97.900002
0.070491	97.855003	0.067436	97.790001
0.068775	97.864998	0.066440	97.779999
0.066705	97.926666	0.064837	97.889999
0.068286	97.900002	0.064666	97.959999
0.071601	97.823334	0.066132	97.889999
0.070258	97.851669	0.065436	97.900002
0.068763	97.878334	0.064546	97.959999
0.067658	97.886665	0.064586	97.860001
0.070798	97.836670	0.068424	97.830002
0.068280	97.846664	0.066387	97.800003
0.068773	97.826668	0.065895	97.889999
0.065324	97.946663	0.060832	98.019997
0.068566	97.826668	0.063175	98.000000
0.071398	97.778336	0.065383	97.820000
0.067381	97.961670	0.061433	97.910004
0.072865	97.783333	0.066190	97.860001
0.070842	97.820000	0.065143	97.900002
0.068080	97.963333	0.061873	97.980003
0.070964	97.863335	0.065228	97.940002
0.069762	97.889999	0.063770	98.029999
0.069374	97.915001	0.063481	98.019997
0.074231	97.721664	0.066757	97.940002
0.072495	97.721664	0.064912	98.040001
0.073144	97.736664	0.066020	97.919998
0.073030	97.764999	0.066954	97.830002
0.075007	97.711670	0.067703	97.860001
0.071110	97.798332	0.063582	97.989998
0.071246	97.748337	0.063642	97.949997
0.068377	97.958336	0.063674	98.029999
0.066464	98.023331	0.061693	98.150002
0.063044	98.066666	0.058901	98.180000
0.062346	98.070000	0.058230	98.169998
0.062996	98.044998	0.058580	98.160004
0.064428	98.018333	0.059858	98.059998
0.063033	98.031670	0.058645	98.120003
0.062272	98.059998	0.058767	98.220001
0.063300	98.099998	0.058700	98.139999
0.065401	98.023331	0.060841	98.120003
0.060505	98.141670	0.056158	98.199997
0.059766	98.153336	0.056754	98.199997
0.058613	98.183334	0.054891	98.330002
0.059881	98.129997	0.056137	98.250000
0.059326	98.133331	0.055598	98.260002
0.058629	98.168335	0.055142	98.300003
0.058299	98.180000	0.054542	98.269997
0.057672	98.243332	0.054160	98.339996
0.058271	98.236664	0.056134	98.349998
0.059003	98.195000	0.055730	98.239998
0.059074	98.243332	0.056328	98.349998
0.056960	98.239998	0.053523	98.339996
0.058124	98.203331	0.055188	98.300003
0.055992	98.276665	0.052837	98.339996
0.059031	98.169998	0.056640	98.300003
0.058074	98.264999	0.054213	98.300003
0.058772	98.239998	0.054995	98.239998
0.057934	98.188332	0.053356	98.309998
0.056567	98.263336	0.052594	98.330002
0.056579	98.301666	0.052057	98.389999
0.058347	98.201668	0.054131	98.339996
0.057756	98.226669	0.053049	98.430000
0.058030	98.143333	0.054099	98.349998
0.056017	98.235001	0.050871	98.449997
0.057605	98.216667	0.053420	98.360001
0.055346	98.263336	0.051613	98.320000
0.058096	98.238335	0.053208	98.339996
0.056651	98.283333	0.052195	98.370003
0.058915	98.223335	0.053695	98.400002
0.059677	98.216667	0.054407	98.339996
0.058482	98.196663	0.054013	98.330002
0.057762	98.243332	0.053480	98.290001
0.056495	98.263336	0.051889	98.400002
0.056448	98.264999	0.052571	98.419998
0.057869	98.261665	0.053146	98.400002
0.054942	98.279999	0.050373	98.440002
0.058741	98.206665	0.053528	98.370003
0.057262	98.235001	0.052450	98.389999
0.057455	98.218330	0.052837	98.260002
0.055612	98.271667	0.050602	98.320000
0.054977	98.306664	0.050538	98.449997
0.055620	98.268333	0.050636	98.500000
0.055326	98.334999	0.049724	98.480003
0.056479	98.293335	0.051732	98.449997
0.059906	98.195000	0.054803	98.239998
0.061050	98.118332	0.056092	98.250000
0.059846	98.198334	0.053618	98.379997
0.057581	98.226669	0.051934	98.370003
0.056554	98.321663	0.051613	98.449997
0.054839	98.303337	0.049705	98.410004
0.055929	98.313332	0.050142	98.540001
0.057115	98.313332	0.050992	98.449997
0.056280	98.360001	0.050675	98.470001
0.060281	98.198334	0.054313	98.300003
0.056509	98.318336	0.051601	98.419998
0.053927	98.383331	0.050253	98.379997
