2.208440	32.761665	2.213352	31.879999
1.818371	47.945000	1.820505	47.610001
1.286312	63.953335	1.275614	64.110001
0.842677	74.371666	0.830620	74.389999
0.736388	76.571663	0.715835	77.230003
0.520997	83.603333	0.502779	84.570000
0.450198	85.498337	0.439684	86.040001
0.395731	87.041664	0.388835	87.360001
0.355921	88.666664	0.344875	88.940002
0.362898	88.641670	0.348703	89.320000
0.292065	91.139999	0.282754	91.750000
0.314305	90.121666	0.301822	90.800003
0.309525	90.635002	0.302281	91.139999
0.276739	91.190002	0.268275	91.580002
0.264522	91.471664	0.249964	92.209999
0.285718	91.006668	0.276326	91.300003
0.224559	92.868332	0.214179	93.430000
0.211822	93.434998	0.203547	93.760002
0.255808	92.364998	0.245565	93.029999
0.219184	93.290001	0.204653	93.839996
0.290334	91.093330	0.272026	91.690002
0.199856	94.071663	0.188550	94.480003
0.230176	93.320000	0.214122	93.879997
0.196564	94.089996	0.186220	94.500000
0.184916	94.550003	0.173452	95.040001
0.165986	95.016670	0.160962	95.120003
0.197304	94.051666	0.188675	94.589996
0.156281	95.279999	0.149311	95.430000
0.202636	93.800003	0.188585	94.480003
0.158822	95.150002	0.145717	95.620003
0.189777	93.638336	0.178280	94.120003
0.196747	94.235001	0.181736	94.540001
0.140293	95.790001	0.129980	96.019997
0.177120	94.646667	0.158867	95.309998
0.148031	95.311668	0.135819	95.739998
0.154603	95.423332	0.140990	95.750000
0.139090	95.855003	0.124191	96.190002
0.139088	95.758331	0.125198	96.220001
0.146362	95.598335	0.133487	95.860001
0.174366	94.931664	0.157185	95.410004
0.171774	94.794998	0.160352	95.110001
0.141693	95.763336	0.134997	95.809998
0.138194	95.838333	0.128380	95.989998
0.146216	95.726669	0.137582	95.839996
0.135030	95.758331	0.131073	95.870003
0.149584	95.251663	0.141678	95.449997
0.136165	95.926666	0.127573	96.139999
0.120246	96.361664	0.112794	96.489998
0.143878	95.478333	0.136525	95.730003
0.141620	95.654999	0.128929	96.059998
0.141082	95.633331	0.128104	95.919998
0.135847	96.065002	0.122889	96.459999
0.129391	96.133331	0.120255	96.269997
0.121022	96.451668	0.107548	96.769997
0.112894	96.643333	0.102250	96.830002
0.166833	95.373337	0.149475	95.690002
0.145471	95.736664	0.131690	96.070000
0.135998	96.091667	0.120727	96.419998
0.119126	96.485001	0.108031	96.669998
0.118317	96.518333	0.104603	96.800003
0.115901	96.516670	0.104374	96.669998
0.117668	96.536667	0.105722	96.839996
0.123842	96.269997	0.114985	96.510002
0.143799	95.764999	0.131304	96.050003
0.116665	96.576668	0.105637	96.820000
0.104221	96.881668	0.100364	96.739998
0.123850	96.493332	0.110268	96.760002
0.111339	96.776665	0.102395	96.760002
0.122036	96.474998	0.111858	96.570000
0.120540	96.595001	0.110569	96.589996
0.116246	96.718330	0.105911	96.839996
0.132676	96.065002	0.118773	96.510002
0.099731	97.028336	0.090947	97.290001
0.128830	96.243332	0.115107	96.550003
0.108293	96.798332	0.098206	96.930000
0.124563	96.440002	0.112078	96.779999
0.137692	96.065002	0.128083	96.230003
0.163924	95.503334	0.152458	95.779999
0.127058	96.448334	0.110581	96.809998
0.109015	96.798332	0.100560	96.970001
0.115480	96.498337	0.108957	96.809998
0.118941	96.514999	0.108121	96.930000
0.122864	96.488335	0.114618	96.680000
0.113800	96.614998	0.106678	96.769997
0.096249	97.193336	0.090957	97.199997
0.121059	96.593330	0.111923	96.820000
0.113374	96.781670	0.105159	96.930000
0.113048	96.790001	0.106181	96.839996
0.113599	96.781670	0.109564	96.830002
0.119054	96.641670	0.108433	96.980003
0.106831	96.938332	0.099884	97.019997
0.093817	97.138336	0.088619	97.139999
0.105747	96.881668	0.098618	97.110001
0.097411	97.138336	0.093964	97.199997
0.105583	96.911667	0.101921	97.050003
0.109475	96.843330	0.100382	97.110001
0.117788	96.714996	0.109416	96.820000
0.103993	97.031670	0.092855	97.389999
0.089358	97.346664	0.085675	97.510002
0.084978	97.345001	0.079367	97.489998
0.107572	96.816666	0.096262	97.279999
0.101517	96.879997	0.096296	97.239998
0.102622	96.828331	0.101198	96.989998
0.114311	96.751663	0.105872	97.080002
0.092672	97.248337	0.087287	97.330002
0.095268	97.128334	0.086517	97.449997
0.092533	97.226669	0.084123	97.550003
0.086920	97.406670	0.082898	97.519997
0.074845	97.733330	0.072201	97.709999
0.075100	97.608330	0.070211	97.790001
0.087382	97.328331	0.085990	97.449997
0.085539	97.346664	0.079174	97.559998
0.090425	97.283333	0.081665	97.540001
0.096952	97.108330	0.088997	97.480003
0.080954	97.485001	0.074693	97.800003
0.087331	97.290001	0.082903	97.400002
0.082497	97.356667	0.078421	97.360001
0.104460	96.974998	0.095218	97.349998
0.082325	97.538330	0.076935	97.769997
0.080649	97.501663	0.075119	97.779999
0.088576	97.330002	0.085659	97.500000
0.086468	97.451668	0.082290	97.389999
0.098275	97.010002	0.092154	97.029999
0.089053	97.239998	0.083225	97.279999
0.071758	97.714996	0.069114	97.709999
0.080635	97.456665	0.076741	97.550003
0.086443	97.431664	0.080826	97.669998
0.086371	97.386665	0.082512	97.290001
0.080565	97.464996	0.079158	97.419998
0.076956	97.625000	0.074834	97.709999
0.085696	97.411667	0.084149	97.459999
0.077015	97.756668	0.073244	97.849998
0.077618	97.695000	0.073998	97.769997
0.073816	97.658333	0.070265	97.510002
0.071123	97.879997	0.066444	97.910004
0.090716	97.261665	0.084572	97.580002
0.088156	97.258331	0.080387	97.510002
0.088291	97.290001	0.079356	97.580002
0.083261	97.511665	0.081023	97.529999
0.076678	97.559998	0.075080	97.669998
0.092829	97.173332	0.086651	97.309998
0.080163	97.495003	0.076877	97.610001
0.084874	97.389999	0.083366	97.519997
0.087381	97.366669	0.083348	97.440002
0.073763	97.776665	0.069269	97.779999
0.076530	97.671669	0.073958	97.779999
0.077657	97.610001	0.075561	97.660004
0.074761	97.705002	0.074832	97.589996
0.065818	97.921669	0.065912	97.919998
0.070261	97.771667	0.067865	97.830002
0.079520	97.518333	0.074702	97.669998
0.078538	97.486664	0.075095	97.510002
0.073762	97.808334	0.072170	97.930000
0.071844	97.875000	0.073478	98.029999
0.061406	98.158333	0.062510	98.230003
0.071630	97.781670	0.066892	97.800003
0.073103	97.864998	0.068405	98.059998
0.067244	97.925003	0.064566	97.989998
0.061667	98.118332	0.060369	98.129997
0.059239	98.181664	0.060857	98.180000
0.065659	97.970001	0.064248	98.029999
0.070826	97.853333	0.071969	97.949997
0.068665	97.889999	0.068200	97.860001
0.065191	98.061668	0.063728	98.080002
0.081898	97.651665	0.079784	97.889999
0.066059	97.985001	0.068109	97.870003
0.070632	97.898331	0.068166	98.029999
0.064299	97.991669	0.064548	98.029999
0.088223	97.269997	0.084800	97.309998
0.067026	97.988335	0.068262	98.029999
0.066587	97.991669	0.068491	97.980003
0.065126	98.053337	0.066182	98.070000
0.068539	97.959999	0.066976	97.989998
0.075874	97.888336	0.073126	97.919998
0.074250	97.746666	0.068774	97.809998
0.069975	97.860001	0.065685	97.959999
0.079056	97.709999	0.076504	97.830002
0.065950	97.973335	0.065813	97.849998
0.063679	98.099998	0.063848	98.040001
0.071628	97.803337	0.070593	97.760002
0.058488	98.195000	0.055682	98.220001
0.063564	97.988335	0.062833	98.080002
0.063899	98.110001	0.061626	98.089996
0.086287	97.353333	0.081973	97.389999
0.062313	98.111664	0.063803	98.099998
0.063936	98.053337	0.065947	98.000000
0.073565	97.771667	0.071026	97.809998
0.067790	97.875000	0.063287	98.040001
0.055929	98.233330	0.052991	98.330002
0.058685	98.246666	0.056232	98.169998
0.063144	98.133331	0.060533	98.080002
0.060388	98.205002	0.058136	98.309998
0.060685	98.169998	0.058855	97.980003
0.070110	97.876663	0.065752	97.709999
0.088112	97.510002	0.084220	97.400002
0.068996	98.006668	0.066757	98.089996
0.074408	97.838333	0.070167	97.849998
0.068497	97.919998	0.068755	97.889999
0.068511	98.035004	0.068659	97.830002
0.060941	98.230003	0.062204	98.110001
