1.853866	67.946663	1.844414	68.639999
0.757564	82.593330	0.735239	83.800003
0.488205	87.333336	0.468326	88.250000
0.385975	89.570000	0.364590	90.349998
0.330198	90.681664	0.311796	91.330002
0.291456	91.743332	0.272159	92.279999
0.258858	92.705002	0.241072	93.010002
0.236539	93.231667	0.219902	93.220001
0.219383	93.718330	0.203103	93.910004
0.208623	93.910004	0.191476	94.209999
0.197914	94.135002	0.181405	94.419998
0.189323	94.355003	0.172295	94.699997
0.179079	94.666664	0.162921	95.029999
0.171825	94.826668	0.156825	95.180000
0.165530	95.025002	0.153079	95.220001
0.157083	95.305000	0.143699	95.589996
0.151907	95.446663	0.138076	95.730003
0.144744	95.613335	0.132091	95.879997
0.142791	95.643333	0.130942	95.940002
0.136998	95.836670	0.126067	96.089996
0.134049	95.916664	0.123318	96.250000
0.129266	96.099998	0.117958	96.370003
0.127768	96.161667	0.118206	96.239998
0.125211	96.211670	0.115915	96.300003
0.122740	96.236664	0.112921	96.440002
0.118906	96.394997	0.107544	96.620003
0.115316	96.510002	0.104835	96.699997
0.114850	96.561668	0.104104	96.730003
0.112193	96.673332	0.101676	96.849998
0.108816	96.709999	0.098334	96.910004
0.107386	96.778336	0.097302	96.849998
0.103244	96.891670	0.095079	96.949997
0.101057	96.955002	0.092301	97.040001
0.103881	96.881668	0.094022	97.070000
0.100757	96.956665	0.091309	97.019997
0.099039	96.995003	0.088926	97.230003
0.096457	97.144997	0.087797	97.250000
0.094269	97.228333	0.085934	97.300003
0.094203	97.180000	0.084982	97.300003
0.092804	97.190002	0.084080	97.300003
0.092906	97.231667	0.084427	97.279999
0.092051	97.286667	0.083749	97.349998
0.090758	97.290001	0.082241	97.440002
0.089874	97.323334	0.081702	97.459999
0.088586	97.360001	0.080730	97.489998
0.091042	97.309998	0.083659	97.419998
0.087259	97.396667	0.079843	97.580002
0.086076	97.434998	0.078688	97.559998
0.086227	97.438332	0.078793	97.510002
0.085168	97.476669	0.076892	97.580002
0.083286	97.514999	0.076291	97.629997
0.083617	97.500000	0.077096	97.510002
0.081357	97.551666	0.075229	97.639999
0.082550	97.538330	0.076187	97.610001
0.080519	97.574997	0.073844	97.620003
0.081664	97.593330	0.074875	97.669998
0.079332	97.646667	0.073380	97.660004
0.078495	97.629997	0.072394	97.669998
0.079281	97.646667	0.073916	97.760002
0.079079	97.641670	0.072925	97.720001
0.076532	97.745003	0.071337	97.800003
0.077032	97.726669	0.071014	97.779999
0.075806	97.753334	0.070632	97.769997
0.075811	97.768333	0.070685	97.809998
0.074750	97.821663	0.068781	97.839996
0.076601	97.771667	0.071608	97.769997
0.072694	97.841667	0.068145	97.849998
0.073034	97.839996	0.068218	97.779999
0.072361	97.849998	0.067671	97.870003
0.072353	97.820000	0.068298	97.870003
0.071743	97.838333	0.068320	97.779999
0.069877	97.930000	0.065487	97.970001
0.070953	97.910004	0.067484	97.910004
0.068630	97.971664	0.065980	97.940002
0.068183	97.974998	0.065651	97.930000
0.069383	97.963333	0.066409	97.959999
0.068918	97.948334	0.066769	97.940002
0.068467	97.973335	0.066234	97.959999
0.066756	97.985001	0.064761	97.949997
0.066490	98.021667	0.064186	97.989998
0.066922	98.008331	0.065083	97.940002
0.063708	98.091667	0.062052	98.040001
0.066232	98.043335	0.064148	97.980003
0.065153	98.061668	0.062709	98.070000
0.065057	98.066666	0.062787	98.070000
0.063774	98.065002	0.061753	98.010002
0.062829	98.123337	0.059960	98.070000
0.063157	98.084999	0.060579	97.989998
0.061472	98.148331	0.060144	98.040001
0.059951	98.168335	0.058099	98.180000
0.061580	98.154999	0.060474	98.080002
0.061354	98.135002	0.059486	98.129997
0.060626	98.208336	0.058098	98.139999
0.061624	98.153336	0.058907	98.059998
0.060331	98.178337	0.058143	98.139999
0.059861	98.186668	0.057672	98.230003
0.058469	98.223335	0.057098	98.220001
0.059377	98.216667	0.058134	98.220001
0.059284	98.205002	0.058600	98.199997
0.058573	98.235001	0.057856	98.220001
0.058890	98.221664	0.057806	98.239998
0.057411	98.221664	0.056169	98.250000
0.056588	98.245003	0.054852	98.300003
0.058179	98.226669	0.055964	98.199997
0.056155	98.290001	0.054866	98.290001
0.057268	98.243332	0.055975	98.269997
0.057271	98.288330	0.056603	98.269997
0.055627	98.330002	0.053573	98.330002
0.056604	98.220001	0.055258	98.279999
0.058104	98.254997	0.056768	98.199997
0.056121	98.281670	0.054525	98.300003
0.055660	98.300003	0.054490	98.300003
0.056363	98.296669	0.054493	98.209999
0.057218	98.315002	0.055222	98.230003
0.055785	98.334999	0.055176	98.330002
0.055317	98.348335	0.054385	98.300003
0.055544	98.311668	0.055061	98.260002
0.054747	98.339996	0.055268	98.339996
0.055859	98.323334	0.055660	98.250000
0.053958	98.364998	0.052434	98.360001
0.054390	98.341667	0.053341	98.309998
0.054857	98.336670	0.053471	98.260002
0.056058	98.320000	0.055510	98.250000
0.054301	98.375000	0.053755	98.300003
0.054161	98.361664	0.054197	98.330002
0.053881	98.396667	0.053499	98.410004
0.054932	98.363335	0.054565	98.330002
0.055507	98.375000	0.053936	98.339996
0.055512	98.361664	0.054390	98.360001
0.055111	98.343330	0.055054	98.339996
0.053397	98.401665	0.053190	98.379997
0.053754	98.379997	0.052535	98.389999
0.053825	98.393333	0.053375	98.349998
0.053003	98.400002	0.052342	98.379997
0.054025	98.375000	0.053915	98.370003
0.054012	98.394997	0.054616	98.360001
0.053450	98.403336	0.053145	98.379997
0.052799	98.415001	0.052563	98.389999
0.053033	98.441666	0.052181	98.410004
0.052608	98.410004	0.052672	98.379997
0.051994	98.421669	0.051299	98.419998
0.054171	98.421669	0.053651	98.400002
0.052814	98.455002	0.052414	98.440002
0.053175	98.446663	0.051611	98.500000
0.052572	98.430000	0.051009	98.430000
0.051974	98.448334	0.051470	98.410004
0.051344	98.470001	0.051244	98.440002
0.050931	98.474998	0.051689	98.459999
0.051139	98.463333	0.051979	98.389999
0.051670	98.478333	0.052089	98.360001
0.052675	98.443336	0.053204	98.370003
0.052795	98.430000	0.052571	98.339996
0.051599	98.459999	0.051136	98.349998
0.050733	98.470001	0.050700	98.430000
0.050324	98.471664	0.050579	98.410004
0.051626	98.476669	0.052082	98.339996
0.051025	98.489998	0.051728	98.339996
0.050913	98.485001	0.051029	98.349998
0.049965	98.483330	0.049864	98.449997
0.052625	98.441666	0.053348	98.449997
0.050010	98.541664	0.049627	98.459999
0.049864	98.514999	0.049214	98.449997
0.049631	98.518333	0.048717	98.449997
0.051218	98.513336	0.048820	98.400002
0.049969	98.533333	0.048233	98.449997
0.050053	98.513336	0.047913	98.529999
0.049887	98.508331	0.048053	98.519997
0.049891	98.500000	0.047566	98.480003
0.048984	98.525002	0.047782	98.480003
0.050045	98.506668	0.048746	98.459999
0.050293	98.488335	0.048944	98.430000
0.051005	98.473335	0.050286	98.430000
0.049686	98.508331	0.048425	98.510002
0.050060	98.563332	0.049547	98.500000
0.050405	98.521667	0.049123	98.489998
0.049604	98.535004	0.048064	98.519997
0.049058	98.578331	0.047808	98.500000
0.049731	98.529999	0.048006	98.519997
0.049137	98.583336	0.047758	98.489998
0.048409	98.571663	0.047782	98.570000
0.048558	98.598335	0.047871	98.550003
0.049231	98.566666	0.049241	98.519997
0.047022	98.613335	0.046269	98.550003
0.046611	98.598335	0.046456	98.529999
0.047518	98.595001	0.047497	98.529999
0.047512	98.601669	0.047491	98.519997
0.049299	98.576668	0.047908	98.570000
0.049455	98.561668	0.047859	98.580002
0.049421	98.595001	0.048453	98.519997
0.049835	98.598335	0.048268	98.559998
0.047491	98.633331	0.046700	98.669998
0.048322	98.596664	0.047181	98.610001
0.048410	98.623337	0.047971	98.589996
0.048017	98.596664	0.047007	98.610001
0.048225	98.621666	0.047846	98.550003
0.046906	98.665001	0.046713	98.620003
0.047326	98.690002	0.046463	98.599998
0.046382	98.660004	0.045555	98.660004
0.046461	98.646667	0.045113	98.629997
0.045695	98.671669	0.045794	98.629997
