1.781085	56.790001	1.768791	57.869999
0.807841	80.231667	0.779286	81.250000
0.549426	84.716667	0.520418	85.809998
0.379240	89.966667	0.354539	90.629997
0.318421	90.964996	0.297825	91.480003
0.276622	92.173332	0.255556	92.870003
0.246064	92.709999	0.230558	93.059998
0.234605	93.188332	0.215681	93.730003
0.212406	93.833336	0.196135	94.260002
0.197801	94.141670	0.183062	94.540001
0.192060	94.321663	0.175471	94.779999
0.181584	94.526665	0.168355	94.820000
0.171845	94.849998	0.158272	95.089996
0.160057	95.154999	0.149848	95.260002
0.153983	95.385002	0.142743	95.610001
0.142943	95.593330	0.133606	95.589996
0.136308	95.891670	0.124836	96.120003
0.132245	95.995003	0.122059	96.260002
0.132480	95.991669	0.120440	96.349998
0.122857	96.253334	0.112442	96.430000
0.121619	96.301666	0.112361	96.320000
0.119025	96.401665	0.109565	96.629997
0.115979	96.501663	0.104924	96.809998
0.116858	96.451668	0.107333	96.669998
0.110751	96.616669	0.098958	96.809998
0.109689	96.681664	0.098849	97.000000
0.108482	96.741669	0.098509	96.919998
0.105998	96.738335	0.097070	96.989998
0.104248	96.881668	0.093741	97.040001
0.106913	96.833336	0.097557	97.019997
0.104846	96.833336	0.096669	97.080002
0.096812	97.074997	0.088660	97.309998
0.096850	97.028336	0.087614	97.230003
0.095148	97.129997	0.085489	97.320000
0.095145	97.113335	0.086849	97.190002
0.095153	97.061668	0.088887	97.290001
0.092572	97.160004	0.084625	97.440002
0.091260	97.224998	0.083868	97.500000
0.092345	97.239998	0.084539	97.379997
0.086708	97.318336	0.080438	97.470001
0.087463	97.348335	0.081899	97.449997
0.089294	97.315002	0.084936	97.470001
0.089119	97.348335	0.083385	97.519997
0.088777	97.296669	0.080618	97.440002
0.083672	97.466667	0.076549	97.519997
0.083198	97.443336	0.075370	97.629997
0.084266	97.513336	0.076363	97.650002
0.084832	97.394997	0.077908	97.650002
0.082756	97.491669	0.076940	97.669998
0.080781	97.548332	0.074470	97.680000
0.079584	97.626663	0.072830	97.709999
0.083259	97.464996	0.075851	97.529999
0.078374	97.639999	0.070465	97.830002
0.076745	97.656670	0.070341	97.849998
0.075516	97.663330	0.069047	97.790001
0.077179	97.663330	0.070358	97.839996
0.074082	97.754997	0.068114	97.830002
0.075436	97.705002	0.069239	97.870003
0.079195	97.639999	0.072762	97.750000
0.076873	97.676666	0.071402	97.879997
0.075088	97.709999	0.068110	97.959999
0.072672	97.763336	0.068779	97.959999
0.074024	97.763336	0.069314	98.019997
0.074663	97.686668	0.070134	97.830002
0.073442	97.794998	0.069223	97.870003
0.071504	97.815002	0.067734	98.029999
0.069963	97.901665	0.064636	98.019997
0.070493	97.826668	0.064575	98.059998
0.072165	97.886665	0.066081	98.040001
0.067724	97.923332	0.064155	98.070000
0.070440	97.885002	0.065788	98.000000
0.071864	97.788330	0.068896	98.040001
0.067134	97.964996	0.061860	98.120003
0.069020	97.903336	0.064773	98.050003
0.063800	98.043335	0.059150	98.169998
0.066512	97.961670	0.063206	98.070000
0.067096	98.013336	0.062616	98.199997
0.065307	98.010002	0.062622	98.120003
0.065097	98.003334	0.060295	98.150002
0.064965	97.959999	0.061506	98.139999
0.063704	98.043335	0.060887	98.129997
0.063118	98.073334	0.060049	98.120003
0.062974	98.084999	0.060153	98.199997
0.062280	98.116669	0.058644	98.239998
0.060604	98.175003	0.056271	98.199997
0.061290	98.103333	0.056989	98.220001
0.059300	98.161667	0.055693	98.269997
0.061775	98.116669	0.058273	98.260002
0.059051	98.166664	0.054527	98.300003
0.057718	98.254997	0.054229	98.309998
0.064629	98.038330	0.060592	98.230003
0.062828	98.106667	0.058915	98.279999
0.061067	98.146667	0.057706	98.269997
0.056858	98.266670	0.053486	98.410004
0.058743	98.196663	0.056461	98.209999
0.059267	98.171669	0.056587	98.290001
0.058181	98.278336	0.055732	98.349998
0.057307	98.246666	0.054546	98.330002
0.054915	98.298332	0.053877	98.400002
0.055861	98.256668	0.052942	98.389999
0.062296	98.123337	0.058934	98.209999
0.055501	98.296669	0.052374	98.290001
0.055915	98.293335	0.053637	98.410004
0.055078	98.330002	0.051888	98.500000
0.053481	98.355003	0.051228	98.410004
0.055529	98.336670	0.054386	98.430000
0.055332	98.358330	0.051798	98.510002
0.054237	98.371666	0.052588	98.510002
0.053291	98.348335	0.050625	98.489998
0.054013	98.391670	0.050767	98.589996
0.052884	98.421669	0.050938	98.529999
0.054893	98.351669	0.051683	98.470001
0.055296	98.364998	0.052183	98.529999
0.052183	98.421669	0.049355	98.559998
0.052055	98.431664	0.048315	98.580002
0.054140	98.386665	0.050996	98.519997
0.055845	98.394997	0.054185	98.540001
0.053435	98.400002	0.051834	98.529999
0.054423	98.413330	0.053517	98.480003
0.054136	98.411667	0.051965	98.580002
0.052062	98.396667	0.048502	98.519997
0.054864	98.393333	0.052268	98.529999
0.052503	98.415001	0.050605	98.550003
0.052325	98.430000	0.051505	98.559998
0.051660	98.445000	0.050274	98.519997
0.052490	98.421669	0.050576	98.580002
0.051185	98.453331	0.049925	98.529999
0.051269	98.455002	0.050129	98.550003
0.049343	98.464996	0.046699	98.559998
0.050557	98.491669	0.047569	98.589996
0.052679	98.449997	0.051362	98.559998
0.051961	98.440002	0.052051	98.480003
0.049625	98.536667	0.047893	98.639999
0.050234	98.483330	0.048515	98.589996
0.050066	98.500000	0.048634	98.650002
0.052097	98.451668	0.050963	98.519997
0.052419	98.445000	0.050283	98.550003
0.048566	98.540001	0.047519	98.559998
0.050787	98.480003	0.048917	98.519997
0.049838	98.461670	0.047777	98.610001
0.047602	98.558334	0.044894	98.629997
0.048097	98.544998	0.045110	98.660004
0.048708	98.529999	0.045045	98.639999
0.051854	98.458336	0.048735	98.529999
0.049932	98.529999	0.047805	98.550003
0.050718	98.516670	0.048622	98.610001
0.050907	98.496666	0.048331	98.629997
0.049311	98.573334	0.047608	98.629997
0.049123	98.519997	0.046169	98.620003
0.048304	98.546669	0.046822	98.629997
0.047671	98.535004	0.044069	98.750000
0.047878	98.535004	0.045844	98.650002
0.047949	98.561668	0.044956	98.650002
0.048314	98.535004	0.045185	98.669998
0.047502	98.548332	0.044106	98.660004
0.048446	98.555000	0.045827	98.639999
0.048969	98.526665	0.046617	98.570000
0.048618	98.578331	0.046867	98.650002
0.050920	98.518333	0.048281	98.610001
0.047534	98.553337	0.045441	98.699997
0.046496	98.631668	0.044261	98.660004
0.048086	98.581665	0.045812	98.589996
0.046549	98.583336	0.043722	98.699997
0.049805	98.503334	0.048136	98.500000
0.046667	98.593330	0.043638	98.739998
0.047406	98.578331	0.043204	98.730003
0.047184	98.608330	0.045299	98.739998
0.047488	98.589996	0.044701	98.739998
0.046405	98.605003	0.043547	98.669998
0.047194	98.571663	0.044769	98.699997
0.047075	98.598335	0.045508	98.599998
0.048578	98.543335	0.046417	98.629997
0.045775	98.648331	0.044721	98.699997
0.047986	98.621666	0.047451	98.570000
0.047915	98.595001	0.047485	98.690002
0.045790	98.620003	0.045022	98.709999
0.046044	98.606667	0.044009	98.750000
0.046969	98.603333	0.044108	98.639999
0.048093	98.584999	0.046679	98.709999
0.045925	98.638336	0.044425	98.730003
0.047328	98.628334	0.045695	98.779999
0.047970	98.608330	0.046295	98.760002
0.050552	98.566666	0.048447	98.650002
0.047779	98.654999	0.046765	98.709999
0.046444	98.618332	0.044758	98.739998
0.049660	98.566666	0.048062	98.730003
0.046515	98.616669	0.044985	98.779999
0.044249	98.654999	0.042724	98.739998
0.045856	98.661667	0.045819	98.739998
0.047531	98.635002	0.046533	98.820000
0.045861	98.684998	0.045182	98.739998
0.047409	98.610001	0.047895	98.680000
0.044322	98.714996	0.043544	98.760002
0.045935	98.648331	0.045190	98.750000
0.044541	98.701668	0.043972	98.830002
0.046164	98.641670	0.047246	98.750000
0.049213	98.613335	0.049391	98.709999
0.044752	98.686668	0.044125	98.860001
0.043057	98.731667	0.042590	98.809998
0.044336	98.653336	0.043294	98.739998
