1.976148	49.189999	1.969104	49.900002
0.956741	75.489998	0.935829	76.040001
0.592388	85.098335	0.566585	85.879997
0.412845	88.889999	0.388294	89.739998
0.337792	90.801666	0.314692	91.480003
0.285929	92.250000	0.264140	92.550003
0.263905	92.186668	0.246043	92.459999
0.228040	93.309998	0.211101	93.580002
0.208920	93.828331	0.191016	94.260002
0.199486	94.036667	0.185665	94.309998
0.179187	94.581665	0.167820	94.730003
0.167032	95.003334	0.153739	95.330002
0.166736	94.995003	0.151034	95.410004
0.158662	95.268333	0.143202	95.529999
0.142886	95.708336	0.130910	96.150002
0.140012	95.745003	0.127518	96.089996
0.132059	95.981667	0.121565	96.389999
0.131926	96.029999	0.118679	96.449997
0.124315	96.220001	0.116017	96.419998
0.123732	96.228333	0.112631	96.449997
0.119433	96.341667	0.108309	96.599998
0.116765	96.495003	0.106206	96.910004
0.112113	96.654999	0.102281	96.940002
0.108549	96.748337	0.097276	96.989998
0.102997	96.891670	0.097193	97.010002
0.107276	96.711670	0.097263	96.970001
0.099263	97.018333	0.091931	97.239998
0.096806	97.120003	0.091264	97.269997
0.101464	96.953331	0.095149	97.239998
0.096522	97.078331	0.086608	97.349998
0.094788	97.154999	0.086351	97.209999
0.096556	97.173332	0.089252	97.410004
0.090860	97.315002	0.083391	97.500000
0.088795	97.321663	0.083238	97.500000
0.089198	97.263336	0.082473	97.440002
0.089129	97.290001	0.083789	97.459999
0.086110	97.385002	0.080393	97.500000
0.085322	97.411667	0.079985	97.650002
0.087212	97.368332	0.082695	97.540001
0.080926	97.561668	0.074698	97.730003
0.082682	97.508331	0.077922	97.669998
0.082054	97.586670	0.075901	97.669998
0.082398	97.566666	0.075392	97.739998
0.081956	97.503334	0.075224	97.739998
0.080263	97.581665	0.074160	97.720001
0.077552	97.644997	0.069809	97.839996
0.078425	97.636665	0.071697	97.739998
0.073699	97.781670	0.068893	97.779999
0.077642	97.680000	0.070272	97.879997
0.076177	97.724998	0.071763	97.760002
0.076507	97.751663	0.070490	97.870003
0.078050	97.683334	0.070516	97.820000
0.073465	97.805000	0.069646	97.830002
0.069929	97.883331	0.064615	98.000000
0.070215	97.881668	0.065502	97.949997
0.073460	97.816666	0.066814	97.830002
0.070502	97.893333	0.065305	98.000000
0.068797	97.883331	0.065116	97.989998
0.069755	97.881668	0.065072	97.959999
0.069378	97.896667	0.063985	98.029999
0.066223	98.001663	0.060721	98.080002
0.068582	97.926666	0.062338	98.010002
0.064921	98.036667	0.059964	98.129997
0.067928	97.970001	0.063051	98.029999
0.063731	98.028336	0.058568	98.190002
0.064643	98.048332	0.059262	98.150002
0.064646	98.011665	0.057071	98.160004
0.066417	98.070000	0.059916	98.139999
0.067560	98.055000	0.062163	98.160004
0.066557	98.036667	0.061171	98.180000
0.064188	98.041664	0.060540	98.150002
0.062003	98.123337	0.057986	98.269997
0.062475	98.139999	0.058452	98.230003
0.066596	98.006668	0.061853	98.169998
0.062510	98.103333	0.059252	98.089996
0.060826	98.121666	0.056970	98.230003
0.063372	98.111664	0.059209	98.190002
0.062419	98.138336	0.059031	98.169998
0.059317	98.216667	0.055163	98.349998
0.061568	98.165001	0.057936	98.300003
0.061037	98.206665	0.056985	98.339996
0.056765	98.235001	0.054660	98.309998
0.060567	98.213333	0.056781	98.309998
0.061244	98.231667	0.056986	98.370003
0.059841	98.206665	0.054929	98.250000
0.058591	98.233330	0.055065	98.339996
0.058281	98.275002	0.055606	98.269997
0.057032	98.269997	0.053708	98.389999
0.059744	98.226669	0.058250	98.260002
0.058436	98.216667	0.056622	98.250000
0.054376	98.334999	0.053014	98.360001
0.053454	98.366669	0.052042	98.400002
0.058463	98.245003	0.058398	98.290001
0.057109	98.318336	0.056848	98.330002
0.058147	98.233330	0.056841	98.349998
0.056653	98.305000	0.057247	98.330002
0.057332	98.311668	0.055675	98.320000
0.059342	98.214996	0.059390	98.220001
0.055233	98.364998	0.053801	98.360001
0.054384	98.334999	0.052859	98.360001
0.055291	98.326668	0.055214	98.370003
0.054355	98.373337	0.053634	98.379997
0.054547	98.318336	0.053161	98.330002
0.052901	98.400002	0.051853	98.389999
0.054077	98.386665	0.052821	98.430000
0.054607	98.404999	0.053960	98.419998
0.053572	98.391670	0.052662	98.449997
0.052701	98.423332	0.051874	98.540001
0.051550	98.476669	0.051793	98.400002
0.052871	98.471664	0.052753	98.540001
0.051710	98.493332	0.051580	98.459999
0.054223	98.415001	0.054690	98.389999
0.052629	98.471664	0.052444	98.510002
0.051451	98.491669	0.052084	98.470001
0.051609	98.514999	0.050959	98.480003
0.051637	98.468330	0.049898	98.489998
0.052671	98.419998	0.052305	98.379997
0.050203	98.558334	0.051401	98.459999
0.053006	98.526665	0.053932	98.430000
0.053346	98.485001	0.052706	98.410004
0.053299	98.463333	0.051478	98.559998
0.052596	98.480003	0.051972	98.459999
0.049475	98.570000	0.048613	98.580002
0.052230	98.495003	0.051542	98.449997
0.052122	98.508331	0.051713	98.430000
0.051565	98.506668	0.051319	98.529999
0.053415	98.443336	0.052479	98.529999
0.050070	98.508331	0.049340	98.610001
0.048103	98.605003	0.047395	98.650002
0.050572	98.548332	0.049346	98.580002
0.052238	98.495003	0.053081	98.430000
0.051987	98.506668	0.051812	98.519997
0.050237	98.553337	0.051582	98.470001
0.050345	98.540001	0.050869	98.510002
0.051602	98.483330	0.052109	98.510002
0.048664	98.546669	0.047957	98.559998
0.049594	98.553337	0.050206	98.550003
0.053515	98.481667	0.053828	98.580002
0.050721	98.543335	0.051114	98.559998
0.050543	98.570000	0.051865	98.529999
0.048332	98.570000	0.048512	98.639999
0.048002	98.608330	0.048862	98.589996
0.049601	98.516670	0.049240	98.470001
0.047294	98.620003	0.047848	98.620003
0.048423	98.566666	0.048719	98.599998
0.048066	98.608330	0.049303	98.519997
0.047354	98.620003	0.049124	98.540001
0.048614	98.561668	0.048685	98.589996
0.045956	98.663330	0.047028	98.660004
0.047669	98.598335	0.049539	98.550003
0.050396	98.556664	0.050483	98.570000
0.047820	98.605003	0.046720	98.669998
0.048857	98.595001	0.049257	98.620003
0.049111	98.578331	0.048934	98.620003
0.048649	98.593330	0.047368	98.589996
0.048106	98.598335	0.048951	98.580002
0.048189	98.576668	0.049499	98.519997
0.047746	98.610001	0.047062	98.650002
0.049220	98.570000	0.047356	98.639999
0.047291	98.623337	0.047027	98.690002
0.046828	98.648331	0.046014	98.589996
0.048055	98.598335	0.046626	98.699997
0.046797	98.666664	0.047369	98.650002
0.048928	98.611664	0.049327	98.529999
0.048616	98.620003	0.049452	98.639999
0.047785	98.596664	0.046107	98.699997
0.048780	98.571663	0.049721	98.610001
0.048277	98.608330	0.047773	98.620003
0.048246	98.620003	0.047973	98.660004
0.050470	98.570000	0.052062	98.550003
0.046884	98.668335	0.047302	98.750000
0.047721	98.625000	0.048548	98.620003
0.046932	98.636665	0.049236	98.660004
0.046254	98.693336	0.046957	98.699997
0.049421	98.565002	0.049130	98.580002
0.048433	98.608330	0.048683	98.690002
0.047328	98.631668	0.048026	98.669998
0.046969	98.643333	0.048666	98.639999
0.048160	98.611664	0.049017	98.739998
0.046651	98.663330	0.046955	98.669998
0.047671	98.643333	0.049526	98.669998
0.046030	98.680000	0.047451	98.660004
0.046135	98.676666	0.049121	98.750000
0.046643	98.620003	0.047535	98.669998
0.047420	98.666664	0.048855	98.660004
0.046471	98.661667	0.047641	98.699997
0.048691	98.621666	0.050824	98.730003
0.046450	98.654999	0.048474	98.739998
0.046483	98.680000	0.049311	98.680000
0.045408	98.714996	0.047763	98.680000
0.047200	98.673332	0.048406	98.690002
0.047113	98.646667	0.048925	98.669998
0.046312	98.680000	0.047671	98.699997
0.045926	98.701668	0.048584	98.650002
0.046786	98.680000	0.048332	98.629997
0.046369	98.711670	0.049366	98.709999
0.045573	98.738335	0.047452	98.680000
0.046613	98.703331	0.047999	98.690002
0.046308	98.708336	0.048099	98.669998
0.043948	98.750000	0.046128	98.730003
