1.856025	60.028332	1.846447	60.150002
0.838145	82.066666	0.811998	83.029999
0.499315	87.478333	0.473263	88.330002
0.379097	89.821663	0.355912	90.559998
0.323406	91.111664	0.298792	91.779999
0.293503	91.635002	0.271144	92.019997
0.259899	92.455002	0.239807	92.989998
0.245209	92.849998	0.225495	93.279999
0.225957	93.371666	0.207035	93.849998
0.210043	93.816666	0.193861	94.320000
0.199560	93.956665	0.184081	94.559998
0.186173	94.351669	0.172350	94.910004
0.180999	94.508331	0.167635	95.040001
0.178402	94.574997	0.165314	95.129997
0.170180	94.848335	0.156568	95.379997
0.161728	95.146667	0.150639	95.580002
0.156512	95.239998	0.143469	95.660004
0.146991	95.616669	0.136038	95.970001
0.143757	95.656670	0.132894	96.029999
0.143068	95.651665	0.133489	96.010002
0.138552	95.798332	0.128804	96.059998
0.133199	95.933334	0.123811	96.199997
0.129096	96.058334	0.121616	96.260002
0.129133	96.059998	0.118856	96.410004
0.122607	96.291664	0.114764	96.529999
0.119132	96.381668	0.111658	96.540001
0.118772	96.433334	0.110063	96.610001
0.119119	96.406670	0.111727	96.580002
0.116189	96.466667	0.108795	96.660004
0.110920	96.635002	0.103264	96.860001
0.109295	96.691666	0.102117	96.800003
0.106404	96.834999	0.098641	96.879997
0.106480	96.793335	0.098470	96.889999
0.104085	96.908333	0.096094	97.010002
0.103877	96.866669	0.095393	97.160004
0.103525	96.888336	0.095549	97.139999
0.098647	97.044998	0.090853	97.199997
0.098261	97.084999	0.090588	97.199997
0.096863	97.113335	0.088953	97.279999
0.095128	97.139999	0.087512	97.300003
0.094373	97.141670	0.087960	97.459999
0.094946	97.154999	0.087337	97.370003
0.092306	97.251663	0.084219	97.360001
0.089418	97.294998	0.082420	97.349998
0.091472	97.241669	0.085601	97.419998
0.087166	97.383331	0.080073	97.589996
0.086058	97.446663	0.079289	97.580002
0.084576	97.474998	0.075541	97.540001
0.083143	97.473335	0.075575	97.589996
0.082592	97.531670	0.075141	97.620003
0.083433	97.529999	0.076535	97.660004
0.081732	97.551666	0.075816	97.680000
0.081950	97.563332	0.075988	97.610001
0.080146	97.638336	0.073467	97.669998
0.080761	97.561668	0.074333	97.669998
0.080537	97.593330	0.073371	97.690002
0.081582	97.543335	0.075106	97.750000
0.078357	97.673332	0.071917	97.830002
0.079506	97.618332	0.073718	97.820000
0.076972	97.686668	0.071608	97.720001
0.075937	97.751663	0.070803	97.790001
0.075800	97.738335	0.070430	97.820000
0.077136	97.713333	0.070794	97.800003
0.077027	97.699997	0.070784	97.800003
0.074515	97.779999	0.069063	97.870003
0.076688	97.724998	0.071839	97.809998
0.074278	97.756668	0.070211	97.830002
0.072647	97.800003	0.068498	97.849998
0.071899	97.863335	0.066482	98.000000
0.072447	97.864998	0.066804	97.970001
0.073684	97.839996	0.068023	97.930000
0.071518	97.889999	0.065792	97.940002
0.072321	97.853333	0.066367	97.989998
0.071394	97.925003	0.065845	97.919998
0.071309	97.883331	0.065981	97.919998
0.072097	97.903336	0.066647	97.989998
0.071623	97.871666	0.067748	97.919998
0.068678	97.934998	0.063655	97.940002
0.070155	97.923332	0.065427	98.050003
0.070154	97.941666	0.064914	98.070000
0.068322	98.003334	0.062071	98.050003
0.067255	97.998337	0.061787	97.989998
0.066932	98.041664	0.062230	98.059998
0.069898	97.959999	0.066667	97.949997
0.067005	98.038330	0.062983	97.940002
0.068042	98.028336	0.063481	98.089996
0.066975	98.083336	0.061871	98.029999
0.068821	97.980003	0.063688	98.050003
0.067083	98.055000	0.062483	98.050003
0.067361	98.029999	0.063812	98.099998
0.067822	98.055000	0.062427	98.120003
0.067224	98.089996	0.062387	98.150002
0.066339	98.076668	0.062471	98.120003
0.066213	98.055000	0.061782	98.150002
0.067571	98.043335	0.061662	98.099998
0.064342	98.168335	0.059271	98.190002
0.067782	98.068336	0.062575	98.169998
0.066009	98.125000	0.060819	98.209999
0.064438	98.146667	0.059583	98.220001
0.063168	98.160004	0.058681	98.129997
0.061788	98.221664	0.057563	98.239998
0.061057	98.248337	0.056751	98.269997
0.063496	98.133331	0.058755	98.199997
0.062352	98.221664	0.057367	98.239998
0.064983	98.158333	0.059867	98.209999
0.063057	98.196663	0.059007	98.309998
0.061489	98.221664	0.057651	98.209999
0.060207	98.256668	0.056536	98.239998
0.059152	98.235001	0.055954	98.220001
0.057527	98.296669	0.054415	98.309998
0.058649	98.279999	0.054746	98.260002
0.058274	98.323334	0.054471	98.330002
0.059511	98.283333	0.056091	98.279999
0.059596	98.301666	0.055939	98.279999
0.061454	98.271667	0.059098	98.250000
0.060483	98.285004	0.056063	98.300003
0.059055	98.281670	0.054758	98.379997
0.057943	98.333336	0.053706	98.330002
0.055753	98.348335	0.051878	98.360001
0.058428	98.348335	0.053870	98.300003
0.056717	98.355003	0.054608	98.309998
0.055673	98.370003	0.051697	98.400002
0.055671	98.363335	0.052062	98.360001
0.056592	98.364998	0.053118	98.419998
0.054228	98.441666	0.051285	98.360001
0.056482	98.396667	0.054591	98.349998
0.056495	98.385002	0.053775	98.339996
0.053733	98.423332	0.051465	98.360001
0.055436	98.401665	0.051997	98.419998
0.054792	98.396667	0.052870	98.389999
0.054697	98.426666	0.051203	98.500000
0.054041	98.441666	0.051345	98.480003
0.055608	98.408333	0.052846	98.410004
0.053607	98.430000	0.049678	98.500000
0.055140	98.421669	0.052556	98.480003
0.053679	98.448334	0.050997	98.459999
0.054491	98.418335	0.051000	98.419998
0.055156	98.411667	0.051170	98.449997
0.053752	98.396667	0.050797	98.370003
0.054061	98.430000	0.050858	98.419998
0.053912	98.445000	0.051453	98.419998
0.054593	98.430000	0.051371	98.480003
0.052283	98.495003	0.048348	98.559998
0.051344	98.525002	0.047807	98.470001
0.053458	98.448334	0.050789	98.410004
0.051638	98.510002	0.049053	98.489998
0.050614	98.501663	0.049307	98.489998
0.051411	98.489998	0.050311	98.510002
0.052403	98.464996	0.051243	98.470001
0.050322	98.480003	0.047996	98.500000
0.050871	98.493332	0.048821	98.500000
0.050793	98.491669	0.046719	98.559998
0.049884	98.514999	0.046433	98.529999
0.050406	98.526665	0.047240	98.500000
0.051708	98.473335	0.049470	98.510002
0.051148	98.488335	0.049004	98.519997
0.050505	98.514999	0.048211	98.500000
0.050115	98.504997	0.047206	98.540001
0.052752	98.473335	0.049987	98.540001
0.049328	98.556664	0.047030	98.599998
0.050963	98.514999	0.049547	98.580002
0.049037	98.550003	0.047597	98.519997
0.049702	98.566666	0.047309	98.529999
0.049648	98.546669	0.046517	98.620003
0.049434	98.565002	0.046535	98.620003
0.049660	98.525002	0.047734	98.610001
0.050675	98.541664	0.050080	98.589996
0.048905	98.574997	0.048319	98.570000
0.050531	98.561668	0.049536	98.580002
0.049688	98.558334	0.048846	98.570000
0.048847	98.588333	0.047313	98.550003
0.048834	98.574997	0.046980	98.500000
0.049847	98.573334	0.049084	98.529999
0.049255	98.583336	0.048592	98.599998
0.048922	98.573334	0.049028	98.510002
0.048907	98.566666	0.048065	98.559998
0.049472	98.566666	0.050109	98.529999
0.048186	98.614998	0.048049	98.580002
0.049552	98.574997	0.048452	98.559998
0.050130	98.551666	0.050342	98.580002
0.049036	98.593330	0.049365	98.580002
0.050844	98.541664	0.051970	98.510002
0.048224	98.586670	0.048568	98.580002
0.047281	98.629997	0.047127	98.629997
0.045674	98.663330	0.045010	98.650002
0.046316	98.654999	0.045496	98.610001
0.046838	98.648331	0.045964	98.690002
0.046801	98.671669	0.046779	98.639999
0.046862	98.641670	0.046564	98.680000
0.047014	98.660004	0.047067	98.620003
0.047035	98.665001	0.045899	98.660004
0.047411	98.606667	0.045351	98.650002
0.046890	98.651665	0.047901	98.610001
0.048988	98.595001	0.049469	98.589996
0.047892	98.598335	0.047808	98.620003
0.045985	98.684998	0.045512	98.620003
0.045525	98.690002	0.046221	98.610001
0.046308	98.693336	0.045727	98.629997
0.045446	98.705002	0.044538	98.610001
0.044733	98.733330	0.044549	98.680000
