2.203482	27.303333	2.202682	28.190001
1.920142	61.073334	1.914105	61.830002
1.488411	71.084999	1.476240	72.000000
1.070358	77.614998	1.053780	78.430000
0.761302	83.605003	0.743480	84.989998
0.606949	85.660004	0.592551	86.760002
0.505680	87.026665	0.490256	88.029999
0.406637	89.116669	0.388800	89.849998
0.385055	89.523331	0.367810	89.910004
0.339452	90.733330	0.323044	91.180000
0.323867	91.226669	0.307898	91.809998
0.304890	91.258331	0.288088	91.900002
0.287891	91.644997	0.272972	92.339996
0.264644	91.861664	0.249623	92.570000
0.274542	91.153336	0.261470	91.750000
0.250136	92.276665	0.237408	92.760002
0.233066	92.889999	0.220643	93.139999
0.221227	93.316666	0.207818	93.769997
0.218029	93.376663	0.204629	93.889999
0.224937	92.968330	0.211346	93.639999
0.207297	93.671669	0.194735	94.089996
0.181705	94.504997	0.172249	94.910004
0.179683	94.668335	0.168858	94.959999
0.175164	94.663330	0.165644	95.040001
0.173885	94.596664	0.165518	95.029999
0.167604	94.933334	0.157339	95.269997
0.169873	94.823334	0.160872	95.110001
0.160986	95.063332	0.152700	95.269997
0.156285	95.114998	0.147217	95.470001
0.161995	94.824997	0.153075	95.230003
0.164276	94.691666	0.157331	94.949997
0.152247	95.223335	0.145224	95.589996
0.139923	95.680000	0.132100	95.889999
0.140025	95.676666	0.130747	95.959999
0.140415	95.671669	0.131803	95.940002
0.143300	95.500000	0.134588	95.879997
0.137007	95.798332	0.129617	96.150002
0.130078	96.014999	0.124400	96.180000
0.127321	96.108330	0.123629	96.190002
0.132828	95.866669	0.128275	96.120003
0.124800	96.133331	0.119681	96.360001
0.132090	95.843330	0.125462	96.169998
0.127000	96.101669	0.120201	96.320000
0.127467	96.096664	0.120140	96.440002
0.122513	96.298332	0.115106	96.580002
0.120891	96.303337	0.113194	96.540001
0.129304	95.973335	0.120587	96.199997
0.130120	96.011665	0.122350	96.379997
0.120550	96.279999	0.112960	96.620003
0.120169	96.306664	0.112194	96.720001
0.118566	96.433334	0.110220	96.720001
0.119228	96.379997	0.112159	96.709999
0.123807	96.156670	0.115055	96.510002
0.127499	95.974998	0.120055	96.230003
0.126668	96.114998	0.119164	96.389999
0.134390	95.778336	0.127639	96.029999
0.132371	95.860001	0.125093	96.139999
0.141286	95.496666	0.134529	95.839996
0.133569	95.866669	0.126673	96.059998
0.138472	95.666664	0.131948	96.059998
0.142304	95.646667	0.133598	95.870003
0.139065	95.680000	0.132312	95.919998
0.146629	95.533333	0.143408	95.699997
0.142210	95.553337	0.140817	95.650002
0.130095	95.936668	0.127439	96.050003
0.118614	96.433334	0.115221	96.599998
0.115287	96.483330	0.112022	96.599998
0.112831	96.576668	0.111199	96.629997
0.110747	96.506668	0.110062	96.680000
0.107351	96.535004	0.106536	96.830002
0.108165	96.571663	0.107737	96.809998
0.103097	96.851669	0.101354	96.970001
0.104208	96.791664	0.105882	96.760002
0.103917	96.758331	0.105123	96.820000
0.096212	96.931664	0.095896	97.070000
0.098108	96.896667	0.096012	97.019997
0.099037	96.940002	0.096306	97.040001
0.099649	96.908333	0.098199	97.000000
0.099207	96.953331	0.097355	97.070000
0.096370	97.023331	0.095485	97.029999
0.096167	97.058334	0.090427	97.120003
0.092612	97.191666	0.090433	97.139999
0.093798	97.173332	0.091827	97.190002
0.096365	97.066666	0.096087	97.169998
0.096481	97.168335	0.093857	97.239998
0.092943	97.224998	0.090287	97.199997
0.096462	97.128334	0.094392	97.180000
0.097789	97.151665	0.093362	97.300003
0.094809	97.154999	0.090450	97.290001
0.091915	97.203331	0.087880	97.309998
0.091262	97.216667	0.087673	97.330002
0.095956	97.165001	0.091544	97.220001
0.096213	97.176666	0.091709	97.180000
0.095452	97.168335	0.090927	97.209999
0.090623	97.345001	0.086514	97.379997
0.088093	97.345001	0.085337	97.320000
0.087690	97.391670	0.084003	97.449997
0.091894	97.320000	0.085648	97.459999
0.088613	97.333336	0.084804	97.370003
0.087931	97.466667	0.083057	97.610001
0.084153	97.463333	0.078486	97.589996
0.091973	97.120003	0.086509	97.309998
0.085165	97.418335	0.080617	97.500000
0.080979	97.559998	0.078197	97.620003
0.083289	97.533333	0.080401	97.529999
0.084038	97.551666	0.079607	97.650002
0.084649	97.553337	0.080776	97.629997
0.087961	97.268333	0.085915	97.309998
0.080307	97.588333	0.078570	97.639999
0.084288	97.415001	0.084416	97.239998
0.080369	97.644997	0.077850	97.610001
0.083810	97.583336	0.081126	97.620003
0.085759	97.526665	0.081671	97.610001
0.084312	97.506668	0.081132	97.589996
0.085166	97.446663	0.081905	97.489998
0.079583	97.540001	0.078072	97.500000
0.080973	97.526665	0.076987	97.660004
0.080858	97.595001	0.076148	97.800003
0.087094	97.518333	0.080933	97.610001
0.088544	97.468330	0.083250	97.629997
0.094911	97.408333	0.090249	97.540001
0.088257	97.443336	0.084519	97.500000
0.083593	97.573334	0.078548	97.720001
0.081526	97.588333	0.077095	97.750000
0.087373	97.503334	0.082697	97.559998
0.088240	97.491669	0.083847	97.589996
0.092932	97.366669	0.088392	97.419998
0.095707	97.356667	0.090854	97.489998
0.099181	97.296669	0.093549	97.430000
0.095748	97.283333	0.092045	97.459999
0.091585	97.438332	0.088081	97.550003
0.087211	97.513336	0.083466	97.620003
0.089680	97.448334	0.086136	97.500000
0.083641	97.540001	0.079720	97.650002
0.086303	97.453331	0.082315	97.519997
0.080708	97.623337	0.077148	97.720001
0.080393	97.666664	0.077522	97.680000
0.091204	97.360001	0.087295	97.629997
0.092676	97.355003	0.087454	97.639999
0.089114	97.453331	0.085255	97.589996
0.086768	97.531670	0.082195	97.739998
0.076538	97.785004	0.071945	97.910004
0.076067	97.745003	0.071774	97.940002
0.080986	97.591667	0.075196	97.790001
0.082723	97.608330	0.075682	97.879997
0.089733	97.451668	0.082576	97.779999
0.071570	97.894997	0.066633	98.089996
0.076102	97.769997	0.070064	98.019997
0.076122	97.776665	0.071926	97.900002
0.069292	97.964996	0.066601	98.099998
0.074233	97.860001	0.069394	98.059998
0.076904	97.778336	0.072236	97.900002
0.075775	97.821663	0.071357	97.980003
0.074996	97.841667	0.070644	98.019997
0.076651	97.815002	0.073878	98.040001
0.076944	97.785004	0.074004	97.870003
0.080937	97.696663	0.075122	97.940002
0.081737	97.730003	0.076852	97.910004
0.079887	97.746666	0.075191	97.919998
0.067981	98.018333	0.065240	98.120003
0.072392	97.875000	0.068875	98.089996
0.068713	97.961670	0.063950	98.169998
0.070020	97.906670	0.065981	98.019997
0.071072	97.921669	0.065417	98.199997
0.069486	97.933334	0.063082	98.029999
0.068691	97.976669	0.062265	98.180000
0.067727	97.976669	0.062009	98.199997
0.067810	98.025002	0.062904	98.139999
0.069665	98.003334	0.065476	98.199997
0.068173	97.981667	0.065069	98.080002
0.069995	97.963333	0.066900	98.070000
0.073077	97.864998	0.068329	97.860001
0.073866	97.894997	0.069887	97.919998
0.071041	97.891670	0.067386	97.930000
0.069670	97.879997	0.065846	98.000000
0.069644	97.916664	0.067399	98.040001
0.072419	97.888336	0.072688	97.879997
0.076422	97.786667	0.075282	97.839996
0.073598	97.849998	0.072164	97.870003
0.080244	97.705002	0.078627	97.739998
0.077835	97.735001	0.074616	97.849998
0.075040	97.868332	0.071774	97.900002
0.072731	97.846664	0.069563	97.989998
0.077376	97.771667	0.073868	97.779999
0.077803	97.779999	0.074127	97.790001
0.076939	97.786667	0.073572	97.879997
0.075279	97.824997	0.071557	97.860001
0.076186	97.811668	0.073510	97.860001
0.071870	97.919998	0.069106	97.930000
0.072994	97.875000	0.069921	97.839996
0.070163	97.930000	0.067538	97.959999
0.067549	97.963333	0.064480	98.070000
0.066463	98.063332	0.061565	98.230003
0.067736	97.988335	0.063296	98.160004
0.067203	98.025002	0.061512	98.139999
0.066539	98.025002	0.061142	98.220001
0.065603	98.076668	0.060551	98.150002
0.066417	98.028336	0.060292	98.199997
0.068337	97.981667	0.062957	98.160004
0.067894	98.018333	0.060587	98.250000
