2.145336	49.904999	2.142005	51.320000
1.469572	71.243332	1.453176	72.459999
0.876147	79.339996	0.854329	80.160004
0.644560	83.718330	0.624171	84.470001
0.519371	85.698334	0.498749	86.550003
0.429232	87.503334	0.409085	88.370003
0.389685	88.900002	0.372118	89.500000
0.354284	89.338333	0.337306	90.150002
0.324631	90.449997	0.310699	91.059998
0.292914	91.525002	0.278125	91.980003
0.273826	92.013336	0.260201	92.480003
0.261280	92.326668	0.246248	92.720001
0.245307	92.870003	0.229068	93.269997
0.233937	92.940002	0.220745	93.190002
0.221749	93.391670	0.209210	93.550003
0.215834	93.583336	0.203980	93.769997
0.204339	93.891670	0.190171	94.209999
0.195476	94.096664	0.182599	94.379997
0.186162	94.441666	0.175203	94.699997
0.178732	94.546669	0.168059	94.779999
0.177200	94.583336	0.167100	94.809998
0.172126	94.695000	0.163295	95.019997
0.165721	94.903336	0.155398	95.169998
0.167272	94.868332	0.157032	95.010002
0.160238	95.083336	0.150692	95.279999
0.157142	95.186668	0.146823	95.449997
0.153971	95.246666	0.142580	95.500000
0.151324	95.364998	0.142571	95.489998
0.144167	95.556664	0.135686	95.760002
0.147111	95.485001	0.138987	95.650002
0.140769	95.678337	0.134738	95.779999
0.139895	95.605003	0.134376	95.730003
0.137793	95.721664	0.132147	95.739998
0.138091	95.766670	0.132027	95.849998
0.139137	95.703331	0.133584	95.800003
0.135758	95.858330	0.129212	95.949997
0.133242	95.888336	0.125320	96.070000
0.129761	95.993332	0.124125	96.209999
0.127406	96.044998	0.120204	96.290001
0.122926	96.206665	0.116849	96.309998
0.124197	96.163330	0.119637	96.239998
0.122851	96.154999	0.119019	96.220001
0.118087	96.328331	0.115013	96.379997
0.115895	96.415001	0.110291	96.559998
0.117476	96.321663	0.112356	96.459999
0.114250	96.406670	0.109799	96.580002
0.112489	96.463333	0.105196	96.680000
0.111028	96.480003	0.107260	96.660004
0.111328	96.480003	0.106821	96.760002
0.110287	96.519997	0.106175	96.629997
0.110919	96.538330	0.106571	96.570000
0.107084	96.656670	0.101261	96.860001
0.107781	96.613335	0.102227	96.879997
0.110307	96.519997	0.103714	96.699997
0.107727	96.621666	0.101549	96.849998
0.105729	96.666664	0.100477	96.809998
0.107592	96.668335	0.103007	96.769997
0.105718	96.678337	0.101428	96.870003
0.103670	96.721664	0.099397	96.870003
0.104669	96.724998	0.100260	96.830002
0.103528	96.775002	0.100289	96.949997
0.100382	96.861664	0.096473	96.949997
0.098401	96.913330	0.094710	97.059998
0.098093	96.921669	0.095800	97.059998
0.098697	96.849998	0.094566	97.059998
0.099100	96.918335	0.095945	97.120003
0.096005	97.036667	0.092628	97.199997
0.095848	96.995003	0.093185	97.160004
0.096376	96.974998	0.093464	97.169998
0.100887	96.838333	0.097029	97.000000
0.098676	96.946663	0.095492	97.070000
0.099968	96.911667	0.096437	97.010002
0.096532	97.011665	0.092642	97.220001
0.092159	97.144997	0.088065	97.290001
0.093274	97.073334	0.088360	97.260002
0.091809	97.169998	0.089511	97.290001
0.092330	97.146667	0.088636	97.300003
0.089675	97.233330	0.085484	97.449997
0.091101	97.160004	0.087072	97.400002
0.091849	97.221664	0.089055	97.349998
0.091089	97.161667	0.088259	97.379997
0.091090	97.116669	0.087214	97.330002
0.088923	97.223335	0.085116	97.449997
0.088515	97.239998	0.086081	97.430000
0.087002	97.273331	0.084551	97.459999
0.087518	97.278336	0.085474	97.430000
0.088398	97.251663	0.086329	97.309998
0.090184	97.205002	0.089353	97.320000
0.088456	97.231667	0.087591	97.410004
0.086013	97.306664	0.084564	97.419998
0.086463	97.305000	0.085932	97.330002
0.083392	97.378334	0.080950	97.489998
0.084374	97.418335	0.082581	97.550003
0.084060	97.379997	0.082274	97.510002
0.086163	97.328331	0.083870	97.480003
0.082435	97.455002	0.080700	97.580002
0.082108	97.486664	0.081216	97.510002
0.083806	97.413330	0.082088	97.540001
0.084613	97.385002	0.082125	97.489998
0.085851	97.388336	0.085197	97.540001
0.084268	97.443336	0.082317	97.610001
0.084395	97.431664	0.083085	97.589996
0.085498	97.393333	0.085379	97.550003
0.082968	97.486664	0.082221	97.589996
0.082312	97.489998	0.080962	97.529999
0.083414	97.464996	0.082316	97.550003
0.085407	97.396667	0.083830	97.559998
0.083917	97.448334	0.083821	97.500000
0.080875	97.536667	0.079952	97.589996
0.083565	97.495003	0.082750	97.580002
0.085221	97.410004	0.083367	97.650002
0.085603	97.423332	0.084051	97.550003
0.082940	97.449997	0.083454	97.550003
0.082436	97.493332	0.081062	97.620003
0.084217	97.403336	0.082808	97.510002
0.083568	97.473335	0.082007	97.570000
0.084400	97.425003	0.083407	97.529999
0.084040	97.473335	0.081945	97.650002
0.082013	97.508331	0.079833	97.599998
0.084053	97.443336	0.083165	97.540001
0.079530	97.558334	0.078909	97.730003
0.079736	97.598335	0.080218	97.699997
0.082378	97.478333	0.082823	97.629997
0.080556	97.526665	0.081426	97.699997
0.086055	97.415001	0.087137	97.599998
0.082270	97.511665	0.082380	97.639999
0.085259	97.463333	0.084410	97.599998
0.083847	97.491669	0.082765	97.680000
0.085956	97.468330	0.086305	97.620003
0.085164	97.480003	0.086123	97.680000
0.082316	97.503334	0.083019	97.650002
0.080305	97.538330	0.080944	97.650002
0.078880	97.581665	0.080157	97.709999
0.077189	97.650002	0.078611	97.830002
0.077126	97.648331	0.077437	97.800003
0.075150	97.720001	0.076989	97.809998
0.073832	97.735001	0.076113	97.839996
0.074843	97.668335	0.078147	97.830002
0.075279	97.651665	0.078852	97.739998
0.072971	97.699997	0.075268	97.750000
0.072105	97.733330	0.074841	97.779999
0.072729	97.739998	0.075242	97.809998
0.074609	97.678337	0.076832	97.769997
0.073502	97.721664	0.075593	97.849998
0.073310	97.721664	0.074937	97.809998
0.071256	97.768333	0.073621	97.809998
0.072370	97.766670	0.075105	97.820000
0.070635	97.773331	0.072371	97.849998
0.068659	97.830002	0.070183	97.970001
0.068870	97.831665	0.070026	97.930000
0.069145	97.806664	0.070373	97.940002
0.069124	97.831665	0.070349	97.839996
0.068877	97.893333	0.070887	97.889999
0.070499	97.833336	0.072801	97.889999
0.069911	97.808334	0.072244	97.930000
0.068916	97.846664	0.070902	97.940002
0.069176	97.818336	0.069853	97.820000
0.068428	97.870003	0.069832	97.949997
0.067277	97.911667	0.068311	97.940002
0.067829	97.898331	0.068012	97.980003
0.066272	97.946663	0.065734	98.070000
0.066544	97.941666	0.066394	98.059998
0.066476	97.968330	0.065659	98.080002
0.065721	97.933334	0.065180	98.070000
0.065007	97.980003	0.064916	98.099998
0.065248	97.978333	0.064635	98.089996
0.066139	97.948334	0.065907	98.070000
0.065939	97.968330	0.065717	98.059998
0.065618	97.959999	0.065480	98.080002
0.064055	98.004997	0.063910	98.050003
0.063307	98.016670	0.064108	98.099998
0.062399	98.048332	0.061807	98.160004
0.061837	98.065002	0.061645	98.139999
0.062839	98.043335	0.063182	98.129997
0.063094	98.016670	0.064028	98.139999
0.062470	98.023331	0.062435	98.230003
0.064705	98.008331	0.064603	98.099998
0.064175	98.036667	0.063823	98.139999
0.062354	98.074997	0.061814	98.160004
0.061680	98.084999	0.060840	98.139999
0.062176	98.048332	0.061648	98.180000
0.062223	98.059998	0.060386	98.169998
0.062325	98.043335	0.060796	98.209999
0.062151	98.098335	0.059928	98.269997
0.060526	98.114998	0.057453	98.269997
0.060679	98.111664	0.056638	98.269997
0.060207	98.129997	0.057317	98.209999
0.061154	98.099998	0.058124	98.260002
0.062105	98.081665	0.060126	98.139999
0.059645	98.138336	0.057121	98.279999
0.060567	98.141670	0.057310	98.279999
0.060121	98.121666	0.056782	98.290001
0.059900	98.143333	0.055603	98.300003
0.059661	98.156670	0.056362	98.290001
0.059278	98.150002	0.056352	98.269997
0.058645	98.151665	0.056406	98.300003
0.057676	98.178337	0.055160	98.339996
0.058457	98.154999	0.055706	98.209999
0.057477	98.188332	0.054547	98.309998
0.057147	98.206665	0.054365	98.349998
