2.062106	22.996666	2.058236	23.670000
1.525352	63.771667	1.513261	64.129997
1.012493	76.818336	0.995765	77.529999
0.695955	80.495003	0.681853	81.099998
0.536204	84.678337	0.520175	85.260002
0.413764	87.786667	0.396751	88.370003
0.360934	89.394997	0.340102	89.800003
0.308515	91.684998	0.291054	92.290001
0.300464	91.448334	0.282632	92.209999
0.266247	92.418335	0.252238	93.129997
0.263831	92.470001	0.252120	93.230003
0.230232	93.160004	0.216624	93.699997
0.219129	93.614998	0.205354	94.129997
0.212259	93.751663	0.200744	94.239998
0.205160	93.966667	0.194188	94.440002
0.212401	93.680000	0.198590	93.910004
0.191064	94.351669	0.177127	94.940002
0.180941	94.663330	0.169137	94.940002
0.171757	94.860001	0.159596	95.139999
0.177758	94.775002	0.165773	95.089996
0.173596	94.860001	0.159909	95.099998
0.162641	95.111664	0.154270	95.260002
0.153016	95.348335	0.144249	95.529999
0.147119	95.483330	0.136168	95.739998
0.147690	95.544998	0.134670	95.779999
0.149219	95.459999	0.136445	95.870003
0.145866	95.565002	0.135336	95.970001
0.143798	95.481667	0.133816	95.720001
0.141042	95.578331	0.132228	95.669998
0.138488	95.736664	0.130380	96.019997
0.145036	95.599998	0.135439	95.949997
0.135880	95.794998	0.126634	96.000000
0.134376	95.656670	0.123180	95.910004
0.131616	95.843330	0.122733	96.089996
0.129786	96.048332	0.118746	96.620003
0.120664	96.216667	0.112499	96.470001
0.125257	96.171669	0.116176	96.430000
0.128457	96.014999	0.120551	96.199997
0.126285	95.949997	0.116559	96.220001
0.120268	96.209999	0.111780	96.419998
0.113571	96.466667	0.104978	96.699997
0.117595	96.388336	0.108810	96.660004
0.126468	96.070000	0.120505	96.169998
0.113835	96.408333	0.108968	96.440002
0.115655	96.355003	0.111554	96.459999
0.114193	96.370003	0.108909	96.510002
0.114211	96.433334	0.108656	96.620003
0.105069	96.763336	0.098058	96.959999
0.115362	96.400002	0.107154	96.589996
0.114146	96.388336	0.109118	96.610001
0.103682	96.756668	0.095725	97.070000
0.115924	96.426666	0.110900	96.570000
0.117122	96.376663	0.110193	96.500000
0.107199	96.756668	0.100069	96.860001
0.109549	96.705002	0.104687	97.040001
0.103080	96.868332	0.097520	96.940002
0.104425	96.811668	0.098286	96.910004
0.103019	96.894997	0.094779	97.160004
0.101549	96.915001	0.095947	97.169998
0.099143	96.871666	0.094919	97.059998
0.093079	97.058334	0.086752	97.290001
0.096773	96.961670	0.090500	97.059998
0.096609	96.891670	0.092064	97.139999
0.103440	96.845001	0.098194	96.760002
0.098480	96.978333	0.095567	96.949997
0.094391	97.151665	0.087183	97.290001
0.094668	97.161667	0.088469	97.279999
0.092307	97.173332	0.085859	97.309998
0.093194	97.120003	0.087824	97.199997
0.094127	97.084999	0.089857	97.129997
0.107578	96.626663	0.102589	96.709999
0.096461	97.029999	0.091871	97.180000
0.088889	97.251663	0.086755	97.260002
0.088686	97.315002	0.085323	97.440002
0.096120	97.051666	0.094345	97.120003
0.090177	97.221664	0.088327	97.220001
0.089226	97.290001	0.087137	97.330002
0.089736	97.271667	0.087482	97.370003
0.093956	97.120003	0.087756	97.160004
0.092537	97.116669	0.090057	96.989998
0.088477	97.264999	0.081403	97.349998
0.083975	97.426666	0.079103	97.540001
0.082819	97.455002	0.076841	97.599998
0.082675	97.478333	0.079052	97.410004
0.092338	97.196663	0.082575	97.360001
0.100104	96.968330	0.093731	96.879997
0.087029	97.370003	0.083492	97.470001
0.086919	97.379997	0.081729	97.440002
0.085208	97.415001	0.079735	97.410004
0.084305	97.438332	0.078927	97.589996
0.079954	97.584999	0.076283	97.610001
0.080062	97.498337	0.078530	97.470001
0.080300	97.558334	0.075322	97.650002
0.079745	97.614998	0.075328	97.610001
0.080728	97.523331	0.079026	97.489998
0.077503	97.688332	0.073991	97.739998
0.075600	97.726669	0.073126	97.690002
0.085437	97.486664	0.082185	97.529999
0.085073	97.523331	0.078993	97.589996
0.079118	97.661667	0.073997	97.669998
0.079891	97.613335	0.075927	97.650002
0.077790	97.708336	0.073864	97.690002
0.078867	97.644997	0.074041	97.750000
0.075081	97.760002	0.072889	97.699997
0.074911	97.754997	0.073695	97.650002
0.071942	97.796669	0.069892	97.720001
0.072052	97.818336	0.069178	97.879997
0.072367	97.800003	0.069644	97.720001
0.072744	97.776665	0.071894	97.739998
0.072909	97.775002	0.071559	97.540001
0.084398	97.386665	0.081148	97.379997
0.072592	97.790001	0.070899	97.870003
0.070547	97.843330	0.067411	97.849998
0.078634	97.571663	0.075065	97.540001
0.074895	97.714996	0.072648	97.709999
0.073374	97.838333	0.069594	97.860001
0.074478	97.838333	0.069293	97.949997
0.070506	97.940002	0.067511	97.910004
0.073951	97.783333	0.070869	97.699997
0.070897	97.923332	0.068459	97.760002
0.076136	97.714996	0.071429	97.809998
0.071557	97.856667	0.068035	97.930000
0.080927	97.558334	0.076377	97.610001
0.070070	97.885002	0.067531	97.919998
0.071623	97.786667	0.070665	97.750000
0.068504	97.921669	0.066766	97.870003
0.074525	97.724998	0.069249	97.769997
0.067312	97.951668	0.066587	97.830002
0.072219	97.831665	0.071061	97.839996
0.070600	97.864998	0.071581	97.889999
0.068600	97.889999	0.068613	97.900002
0.071928	97.801666	0.071530	97.760002
0.076891	97.706665	0.075798	97.760002
0.068330	97.900002	0.069036	97.820000
0.070282	97.851669	0.067964	97.970001
0.065218	98.010002	0.063781	97.910004
0.068650	97.966667	0.065519	97.980003
0.067737	97.918335	0.067831	97.910004
0.070250	97.889999	0.067160	97.879997
0.066927	97.996666	0.066453	97.910004
0.069770	97.916664	0.065860	97.790001
0.069096	97.921669	0.066581	97.949997
0.070503	97.856667	0.069256	97.830002
0.081029	97.614998	0.077541	97.690002
0.072819	97.801666	0.070898	97.839996
0.066658	98.010002	0.063974	98.059998
0.068020	97.986664	0.064890	98.050003
0.069318	97.949997	0.064935	98.000000
0.064976	98.036667	0.062003	98.099998
0.068632	97.981667	0.066037	98.050003
0.063180	98.048332	0.062671	98.070000
0.069502	97.896667	0.066172	97.949997
0.064872	98.111664	0.061875	98.089996
0.064352	98.038330	0.061886	98.160004
0.064611	98.031670	0.061842	98.199997
0.062758	98.076668	0.060848	98.160004
0.067755	98.028336	0.064405	98.110001
0.068988	97.908333	0.071167	97.839996
0.065009	98.006668	0.066057	97.980003
0.065756	98.018333	0.066645	97.970001
0.071700	97.896667	0.068630	97.910004
0.065948	98.031670	0.064080	98.070000
0.067325	98.006668	0.065845	98.040001
0.066498	98.058334	0.065410	98.059998
0.069387	97.913330	0.068011	97.970001
0.064145	98.050003	0.064728	97.949997
0.064464	98.046669	0.065784	98.019997
0.063346	98.165001	0.062217	98.129997
0.064411	98.055000	0.066455	98.120003
0.063015	98.055000	0.063976	98.110001
0.060168	98.163330	0.061193	98.099998
0.065384	97.983330	0.065674	97.949997
0.061333	98.163330	0.062384	98.180000
0.061597	98.096664	0.062343	98.160004
0.062814	98.103333	0.061838	98.169998
0.061929	98.098335	0.061467	98.080002
0.062916	98.121666	0.060307	98.129997
0.064761	98.078331	0.063910	98.129997
0.062461	98.066666	0.065362	98.010002
0.065600	98.103333	0.064912	98.089996
0.082771	97.638336	0.079419	97.690002
0.059664	98.205002	0.060817	98.099998
0.066311	98.016670	0.067793	97.989998
0.064498	98.089996	0.067423	98.099998
0.062671	98.106667	0.063429	98.139999
0.065053	98.121666	0.064151	98.120003
0.066434	98.023331	0.065030	97.989998
0.062726	98.175003	0.064266	98.080002
0.061275	98.166664	0.063905	98.139999
0.067013	98.018333	0.066083	98.059998
0.068615	98.001663	0.067262	97.930000
0.062990	98.091667	0.064000	98.040001
0.062910	98.129997	0.065521	98.050003
0.059330	98.223335	0.060729	98.080002
0.060408	98.211670	0.060169	98.139999
0.061728	98.166664	0.063030	98.209999
0.063262	98.141670	0.063602	98.129997
0.067373	98.041664	0.067401	98.070000
0.063026	98.191666	0.062593	98.050003
0.064554	98.111664	0.064956	98.010002
