1.931635	70.193336	1.921227	72.610001
0.730236	84.885002	0.703572	86.160004
0.428617	88.918335	0.403162	90.120003
0.328287	91.205002	0.308783	91.820000
0.286398	92.084999	0.269384	92.610001
0.253956	92.731667	0.237383	93.180000
0.227473	93.343330	0.211602	93.650002
0.207005	93.761665	0.191947	94.209999
0.191675	94.266670	0.178731	94.529999
0.181053	94.518333	0.166681	94.830002
0.170351	94.853333	0.158019	95.139999
0.163354	95.041664	0.150924	95.269997
0.154667	95.303337	0.144177	95.610001
0.151139	95.356667	0.139612	95.610001
0.145139	95.506668	0.132481	95.860001
0.140283	95.741669	0.130311	96.129997
0.135705	95.820000	0.125466	96.150002
0.131343	95.986664	0.119386	96.330002
0.127412	96.128334	0.115665	96.389999
0.126300	96.113335	0.117043	96.339996
0.120688	96.328331	0.109289	96.599998
0.120952	96.300003	0.109557	96.550003
0.116115	96.385002	0.105938	96.650002
0.113810	96.506668	0.104475	96.839996
0.111768	96.576668	0.100596	96.879997
0.111610	96.605003	0.100676	96.860001
0.107949	96.733330	0.097369	96.970001
0.105082	96.785004	0.094420	97.040001
0.103007	96.846664	0.091928	97.110001
0.101261	96.879997	0.091065	97.139999
0.099412	96.976669	0.090943	97.169998
0.097087	97.035004	0.089722	97.239998
0.096374	97.004997	0.089129	97.180000
0.095922	97.025002	0.089318	97.059998
0.092813	97.168335	0.086154	97.410004
0.091333	97.205002	0.083521	97.320000
0.090325	97.239998	0.083824	97.239998
0.090651	97.231667	0.084457	97.309998
0.089044	97.296669	0.081844	97.440002
0.088765	97.291664	0.081581	97.550003
0.087209	97.370003	0.079528	97.599998
0.087821	97.351669	0.080336	97.559998
0.086503	97.368332	0.079152	97.589996
0.085787	97.408333	0.076988	97.680000
0.087070	97.349998	0.078968	97.599998
0.084774	97.431664	0.077082	97.699997
0.081543	97.518333	0.075245	97.809998
0.081275	97.544998	0.074716	97.760002
0.082049	97.519997	0.074824	97.849998
0.080871	97.551666	0.074510	97.760002
0.080543	97.599998	0.073585	97.769997
0.081335	97.536667	0.073656	97.779999
0.078567	97.598335	0.071208	97.820000
0.079079	97.586670	0.071303	97.870003
0.079728	97.641670	0.073416	97.809998
0.077993	97.686668	0.071524	97.830002
0.076478	97.680000	0.070546	97.870003
0.075463	97.731667	0.069180	97.900002
0.075133	97.730003	0.069489	97.860001
0.073151	97.791664	0.067085	97.930000
0.073184	97.788330	0.066069	98.010002
0.072141	97.775002	0.066287	97.980003
0.073158	97.779999	0.067521	97.919998
0.073882	97.793335	0.068485	97.959999
0.071914	97.830002	0.066921	98.050003
0.071585	97.790001	0.066398	98.040001
0.070483	97.863335	0.064761	98.080002
0.071061	97.841667	0.065800	98.050003
0.071298	97.818336	0.065692	98.050003
0.067364	97.948334	0.062025	98.190002
0.066617	97.995003	0.060849	98.129997
0.066912	97.941666	0.061353	98.199997
0.066486	97.973335	0.061972	98.110001
0.066752	97.958336	0.061705	98.110001
0.066604	97.985001	0.061960	98.180000
0.064867	98.026665	0.059888	98.129997
0.064375	98.035004	0.060655	98.209999
0.064420	98.028336	0.059584	98.180000
0.064879	98.004997	0.060208	98.139999
0.065142	98.038330	0.060260	98.239998
0.063401	98.068336	0.057884	98.230003
0.062864	98.086670	0.057781	98.239998
0.063727	98.083336	0.058940	98.300003
0.062585	98.068336	0.058227	98.239998
0.062056	98.081665	0.057901	98.239998
0.061868	98.096664	0.058451	98.209999
0.063723	98.080002	0.060778	98.160004
0.065202	98.066666	0.061006	98.150002
0.064205	98.089996	0.060477	98.180000
0.063817	98.059998	0.059366	98.129997
0.062221	98.125000	0.058383	98.160004
0.061994	98.156670	0.058573	98.199997
0.062774	98.166664	0.058516	98.199997
0.062656	98.190002	0.058215	98.190002
0.061771	98.173332	0.057503	98.180000
0.061951	98.146667	0.057333	98.199997
0.062531	98.110001	0.058476	98.150002
0.062612	98.158333	0.057684	98.150002
0.062480	98.168335	0.058504	98.169998
0.060337	98.205002	0.056730	98.230003
0.059658	98.211670	0.055961	98.199997
0.059428	98.211670	0.055022	98.230003
0.059442	98.198334	0.055973	98.220001
0.059680	98.245003	0.055589	98.279999
0.059293	98.250000	0.055656	98.279999
0.060291	98.253334	0.056432	98.250000
0.059459	98.251663	0.055474	98.290001
0.057883	98.296669	0.054232	98.339996
0.057997	98.281670	0.054441	98.300003
0.059570	98.236664	0.055717	98.309998
0.059386	98.266670	0.055404	98.339996
0.058959	98.306664	0.055583	98.339996
0.057490	98.305000	0.054593	98.370003
0.057567	98.285004	0.055119	98.320000
0.056665	98.308334	0.054552	98.320000
0.056869	98.320000	0.054948	98.300003
0.056150	98.361664	0.053959	98.360001
0.057473	98.338333	0.055187	98.309998
0.057814	98.311668	0.055587	98.360001
0.055958	98.373337	0.053949	98.360001
0.055204	98.351669	0.053352	98.290001
0.056496	98.338333	0.054104	98.339996
0.056053	98.316666	0.053973	98.349998
0.057557	98.268333	0.055215	98.330002
0.055556	98.318336	0.053664	98.400002
0.055711	98.305000	0.053165	98.290001
0.054826	98.316666	0.053413	98.360001
0.054619	98.328331	0.052302	98.430000
0.055225	98.333336	0.053872	98.379997
0.053997	98.401665	0.052631	98.419998
0.054372	98.383331	0.052670	98.389999
0.053116	98.428337	0.051995	98.419998
0.053381	98.400002	0.051698	98.379997
0.054426	98.379997	0.053488	98.349998
0.053503	98.415001	0.052096	98.400002
0.052184	98.411667	0.050634	98.449997
0.052914	98.433334	0.051104	98.470001
0.053013	98.371666	0.050771	98.480003
0.053048	98.391670	0.052177	98.440002
0.051355	98.433334	0.049422	98.440002
0.050521	98.449997	0.048897	98.519997
0.050508	98.488335	0.050126	98.489998
0.050286	98.456665	0.049453	98.500000
0.050939	98.449997	0.049336	98.480003
0.050399	98.491669	0.048369	98.500000
0.049978	98.495003	0.048393	98.550003
0.049556	98.528336	0.047990	98.510002
0.048665	98.538330	0.047605	98.540001
0.049330	98.516670	0.048370	98.610001
0.048787	98.476669	0.047761	98.519997
0.051318	98.448334	0.050765	98.510002
0.049848	98.474998	0.048859	98.529999
0.048218	98.525002	0.046681	98.540001
0.049880	98.504997	0.048895	98.540001
0.050532	98.456665	0.049062	98.529999
0.051909	98.456665	0.050188	98.480003
0.050071	98.495003	0.048229	98.540001
0.049799	98.470001	0.047885	98.519997
0.048574	98.508331	0.046886	98.510002
0.048524	98.518333	0.046069	98.540001
0.047513	98.550003	0.045112	98.580002
0.047656	98.540001	0.046047	98.580002
0.048725	98.568336	0.045731	98.660004
0.047433	98.576668	0.045417	98.599998
0.049964	98.506668	0.048406	98.529999
0.049298	98.500000	0.048593	98.559998
0.049145	98.541664	0.048139	98.580002
0.048457	98.536667	0.047961	98.500000
0.048113	98.553337	0.047016	98.529999
0.047249	98.605003	0.045583	98.550003
0.050159	98.513336	0.048462	98.620003
0.048764	98.559998	0.046573	98.510002
0.047884	98.550003	0.046477	98.550003
0.047289	98.606667	0.046578	98.610001
0.046803	98.591667	0.045444	98.559998
0.046726	98.599998	0.045887	98.559998
0.046608	98.593330	0.045572	98.559998
0.045751	98.623337	0.044680	98.559998
0.047409	98.581665	0.045844	98.639999
0.046150	98.633331	0.045358	98.580002
0.046133	98.606667	0.045939	98.610001
0.046339	98.610001	0.045913	98.629997
0.045716	98.631668	0.045064	98.580002
0.046673	98.599998	0.046249	98.599998
0.045849	98.636665	0.043546	98.599998
0.047047	98.620003	0.045315	98.650002
0.047093	98.595001	0.045564	98.660004
0.045822	98.633331	0.044690	98.650002
0.046691	98.611664	0.045717	98.629997
0.045350	98.628334	0.043475	98.650002
0.045403	98.618332	0.044407	98.610001
0.045110	98.656670	0.043149	98.650002
0.045461	98.653336	0.043912	98.660004
0.045385	98.656670	0.044654	98.690002
0.044527	98.668335	0.043419	98.620003
0.044938	98.650002	0.043438	98.650002
0.046167	98.636665	0.045162	98.580002
0.045773	98.660004	0.044923	98.669998
0.046546	98.621666	0.045188	98.599998
0.045594	98.661667	0.044229	98.599998
