1.648080	67.900002	1.631286	68.820000
0.667185	84.559998	0.642003	85.209999
0.464976	87.741669	0.445765	88.230003
0.363756	89.803337	0.348248	90.150002
0.314631	91.183334	0.301710	91.459999
0.284774	91.839996	0.272227	92.000000
0.244623	92.915001	0.229837	93.540001
0.219024	93.713333	0.205004	94.099998
0.200611	94.113335	0.189577	94.419998
0.187656	94.436668	0.177962	94.720001
0.173834	94.858330	0.163329	95.169998
0.163249	95.116669	0.153000	95.360001
0.157527	95.253334	0.147496	95.449997
0.152766	95.355003	0.144001	95.550003
0.147106	95.481667	0.138910	95.699997
0.141653	95.688332	0.133836	95.900002
0.139530	95.639999	0.131885	95.860001
0.132284	96.003334	0.125198	96.120003
0.132424	95.894997	0.123881	96.120003
0.127667	96.076668	0.121006	96.089996
0.124512	96.161667	0.117233	96.309998
0.121655	96.260002	0.113197	96.349998
0.117614	96.370003	0.109935	96.540001
0.113670	96.453331	0.107326	96.660004
0.110581	96.578331	0.102506	96.769997
0.110802	96.603333	0.101670	96.720001
0.107136	96.750000	0.100068	96.900002
0.103725	96.846664	0.094900	97.070000
0.102753	96.864998	0.096179	96.970001
0.102850	96.830002	0.096615	96.910004
0.099261	96.989998	0.092794	97.129997
0.097880	96.986664	0.091880	97.190002
0.096056	97.058334	0.091548	97.230003
0.095880	97.074997	0.092111	97.120003
0.093433	97.136665	0.089656	97.250000
0.094956	97.098335	0.092304	97.199997
0.091202	97.220001	0.087937	97.269997
0.089696	97.290001	0.085507	97.370003
0.091303	97.216667	0.087831	97.349998
0.091046	97.260002	0.086713	97.230003
0.089871	97.300003	0.084803	97.330002
0.086983	97.373337	0.082159	97.430000
0.087095	97.373337	0.082656	97.349998
0.087443	97.360001	0.082770	97.410004
0.085523	97.398331	0.080705	97.500000
0.084086	97.464996	0.079350	97.430000
0.082355	97.449997	0.078254	97.620003
0.085260	97.436668	0.079428	97.559998
0.083286	97.496666	0.079525	97.570000
0.082965	97.496666	0.078977	97.570000
0.080527	97.528336	0.076142	97.529999
0.080259	97.568336	0.075694	97.559998
0.080227	97.543335	0.075398	97.540001
0.079974	97.596664	0.074959	97.680000
0.078947	97.633331	0.073944	97.690002
0.077639	97.661667	0.072032	97.769997
0.076831	97.695000	0.072390	97.750000
0.076880	97.675003	0.072774	97.809998
0.076748	97.703331	0.072689	97.790001
0.077558	97.688332	0.073992	97.769997
0.074842	97.753334	0.071250	97.750000
0.073895	97.775002	0.069993	97.809998
0.074741	97.763336	0.070820	97.800003
0.072449	97.815002	0.068668	97.870003
0.072634	97.806664	0.068299	97.800003
0.072885	97.820000	0.067938	97.860001
0.072111	97.830002	0.067144	97.900002
0.072282	97.851669	0.067124	97.860001
0.070253	97.894997	0.066073	97.949997
0.069357	97.946663	0.064595	97.980003
0.070030	97.955002	0.065859	97.959999
0.069658	97.875000	0.065338	98.000000
0.068906	97.898331	0.064123	98.000000
0.068118	97.941666	0.064018	97.970001
0.070303	97.896667	0.067534	97.900002
0.067409	97.983330	0.063614	98.000000
0.066428	98.001663	0.062236	98.070000
0.066933	97.981667	0.062278	98.150002
0.066182	98.000000	0.061673	98.050003
0.064651	98.053337	0.060362	98.150002
0.065256	98.019997	0.061521	98.089996
0.065252	97.985001	0.061431	97.949997
0.066199	97.976669	0.061734	97.970001
0.065740	98.021667	0.061525	98.050003
0.064877	98.044998	0.061249	98.139999
0.065627	98.044998	0.061080	98.139999
0.065597	98.013336	0.061003	98.010002
0.066573	98.026665	0.062370	98.089996
0.066921	98.033333	0.062485	98.000000
0.064338	98.076668	0.059272	98.070000
0.066318	98.021667	0.060229	98.080002
0.065267	98.088333	0.060318	98.089996
0.065032	98.098335	0.059355	98.150002
0.063047	98.141670	0.058286	98.029999
0.061152	98.190002	0.058215	98.099998
0.061893	98.160004	0.058222	98.209999
0.061486	98.180000	0.057430	98.180000
0.061550	98.176666	0.057371	98.190002
0.062678	98.165001	0.059349	98.110001
0.063663	98.154999	0.060140	98.150002
0.060384	98.221664	0.057126	98.150002
0.061256	98.188332	0.057815	98.139999
0.059571	98.238335	0.055667	98.250000
0.060770	98.221664	0.056142	98.320000
0.061220	98.223335	0.056877	98.180000
0.059314	98.261665	0.056747	98.190002
0.060638	98.283333	0.057992	98.260002
0.059793	98.293335	0.055669	98.330002
0.059048	98.281670	0.055041	98.269997
0.059416	98.266670	0.055215	98.230003
0.060372	98.271667	0.056380	98.269997
0.058694	98.281670	0.055040	98.230003
0.057657	98.293335	0.054200	98.269997
0.057553	98.320000	0.053764	98.260002
0.059101	98.290001	0.055694	98.260002
0.056259	98.324997	0.053150	98.339996
0.057565	98.326668	0.054641	98.300003
0.057155	98.358330	0.054027	98.360001
0.058623	98.318336	0.055603	98.379997
0.057429	98.353333	0.055481	98.300003
0.056184	98.376663	0.054024	98.339996
0.056754	98.381668	0.053956	98.300003
0.057399	98.313332	0.054904	98.360001
0.055468	98.366669	0.053950	98.300003
0.056621	98.349998	0.055614	98.260002
0.055872	98.363335	0.052875	98.389999
0.053374	98.446663	0.051268	98.400002
0.054981	98.393333	0.052293	98.500000
0.056481	98.343330	0.052342	98.480003
0.054764	98.418335	0.052751	98.419998
0.054062	98.404999	0.051962	98.410004
0.055759	98.419998	0.053721	98.440002
0.054093	98.428337	0.052530	98.379997
0.056329	98.366669	0.053821	98.400002
0.055612	98.396667	0.053097	98.370003
0.055441	98.403336	0.052670	98.410004
0.053013	98.451668	0.049858	98.480003
0.051113	98.456665	0.049403	98.500000
0.052581	98.411667	0.049941	98.459999
0.054092	98.443336	0.051463	98.459999
0.053489	98.418335	0.050070	98.500000
0.051970	98.459999	0.049442	98.500000
0.052168	98.448334	0.049418	98.480003
0.052564	98.470001	0.049708	98.540001
0.052732	98.480003	0.049896	98.459999
0.051864	98.491669	0.049097	98.529999
0.050842	98.531670	0.048652	98.519997
0.051306	98.485001	0.049014	98.470001
0.050913	98.516670	0.048734	98.540001
0.050880	98.514999	0.048215	98.589996
0.050884	98.498337	0.048410	98.540001
0.051316	98.535004	0.048675	98.529999
0.049731	98.529999	0.046248	98.540001
0.050654	98.538330	0.047263	98.599998
0.051059	98.540001	0.048772	98.510002
0.050386	98.538330	0.047064	98.580002
0.049553	98.538330	0.046268	98.540001
0.049471	98.553337	0.046463	98.529999
0.050035	98.556664	0.046695	98.519997
0.050244	98.550003	0.046990	98.459999
0.051133	98.503334	0.047940	98.650002
0.051114	98.500000	0.047520	98.559998
0.049956	98.551666	0.047760	98.589996
0.048478	98.568336	0.045339	98.650002
0.048099	98.614998	0.046126	98.639999
0.048609	98.591667	0.045340	98.639999
0.048410	98.583336	0.045540	98.620003
0.048265	98.601669	0.045371	98.610001
0.048811	98.601669	0.046213	98.610001
0.047035	98.613335	0.044711	98.599998
0.046754	98.616669	0.044207	98.690002
0.047130	98.613335	0.043958	98.680000
0.046391	98.601669	0.043029	98.730003
0.047316	98.599998	0.044266	98.660004
0.045588	98.641670	0.042825	98.599998
0.045992	98.618332	0.043690	98.650002
0.047117	98.591667	0.044843	98.730003
0.046184	98.621666	0.044459	98.750000
0.046347	98.620003	0.044795	98.650002
0.046248	98.616669	0.045248	98.599998
0.046126	98.675003	0.045023	98.610001
0.046805	98.638336	0.045138	98.680000
0.046072	98.678337	0.044424	98.660004
0.046055	98.641670	0.043499	98.690002
0.046475	98.651665	0.045277	98.669998
0.046982	98.631668	0.047017	98.650002
0.046845	98.650002	0.046670	98.699997
0.045580	98.658333	0.044148	98.680000
0.044322	98.721664	0.042664	98.709999
0.044481	98.699997	0.043972	98.709999
0.045365	98.663330	0.044449	98.650002
0.045298	98.653336	0.044962	98.620003
0.044025	98.728333	0.043938	98.699997
0.045101	98.708336	0.044621	98.680000
0.046180	98.688332	0.045233	98.690002
0.043723	98.730003	0.043089	98.709999
0.044222	98.743332	0.043601	98.650002
0.044994	98.709999	0.043978	98.669998
0.046408	98.673332	0.045160	98.639999
0.044370	98.703331	0.043379	98.690002
