2.085504	42.981667	2.080326	43.080002
1.401301	67.058334	1.390300	67.279999
0.860124	75.930000	0.846347	75.989998
0.569059	83.866669	0.548382	84.599998
0.453075	85.648331	0.435194	86.059998
0.406751	86.838333	0.391523	87.230003
0.368494	89.221664	0.349977	89.910004
0.322970	90.543335	0.307246	91.129997
0.311825	90.723335	0.298877	91.139999
0.291415	91.241669	0.279450	91.620003
0.281273	91.425003	0.264534	91.959999
0.268374	91.601669	0.255104	91.849998
0.234322	93.018333	0.223959	93.389999
0.233934	92.724998	0.220523	93.029999
0.233815	92.881668	0.218797	93.220001
0.225172	93.184998	0.215271	93.660004
0.213358	93.453331	0.202566	93.860001
0.197725	94.051666	0.188331	94.309998
0.192052	93.985001	0.182995	94.150002
0.186312	94.294998	0.176445	94.510002
0.173237	94.538330	0.165470	94.760002
0.166843	94.779999	0.158045	95.059998
0.167996	94.781670	0.160150	94.919998
0.161521	94.961670	0.153484	95.209999
0.177231	94.355003	0.164054	94.820000
0.151362	95.241669	0.141251	95.400002
0.151386	95.160004	0.142918	95.379997
0.165608	94.756668	0.157987	95.040001
0.149878	95.181664	0.141944	95.519997
0.147572	95.328331	0.138522	95.699997
0.147076	95.400002	0.139024	95.680000
0.149947	95.323334	0.141508	95.760002
0.152817	95.279999	0.141850	95.589996
0.143351	95.396667	0.135082	95.629997
0.133162	95.831665	0.124662	96.160004
0.134144	95.808334	0.126613	96.150002
0.130129	95.849998	0.122587	96.260002
0.132048	95.816666	0.123359	96.040001
0.122182	96.131668	0.113558	96.309998
0.122225	96.131668	0.113223	96.489998
0.134788	95.848335	0.126327	96.160004
0.126226	96.078331	0.122299	96.269997
0.129659	96.025002	0.118240	96.379997
0.124497	96.099998	0.113715	96.269997
0.124721	96.043335	0.116869	96.330002
0.116782	96.331665	0.110680	96.379997
0.114926	96.473335	0.109516	96.519997
0.118134	96.326668	0.109869	96.570000
0.117905	96.273331	0.110401	96.639999
0.118921	96.281670	0.112465	96.430000
0.113094	96.443336	0.106530	96.650002
0.116187	96.391670	0.109768	96.510002
0.115042	96.441666	0.107496	96.620003
0.111759	96.514999	0.101061	96.889999
0.112901	96.481667	0.104206	96.690002
0.116904	96.264999	0.108731	96.570000
0.113184	96.486664	0.105360	96.720001
0.103328	96.720001	0.098977	96.800003
0.109401	96.626663	0.105878	96.790001
0.102639	96.718330	0.096740	96.849998
0.102269	96.820000	0.094819	97.129997
0.097362	96.913330	0.091414	96.949997
0.102434	96.750000	0.096986	96.900002
0.105136	96.724998	0.096967	96.989998
0.106598	96.756668	0.102307	96.870003
0.098988	96.938332	0.094957	97.089996
0.099426	96.968330	0.096732	97.040001
0.101596	96.778336	0.096377	96.830002
0.104758	96.815002	0.103671	96.790001
0.100076	96.860001	0.096182	96.930000
0.104953	96.816666	0.096677	97.080002
0.090887	97.169998	0.086408	97.400002
0.094796	97.028336	0.088349	97.019997
0.095728	97.068336	0.090280	97.169998
0.093138	97.121666	0.087281	97.370003
0.096138	97.011665	0.091402	97.180000
0.089453	97.156670	0.084808	97.440002
0.095290	97.021667	0.089196	97.139999
0.088787	97.239998	0.084054	97.440002
0.095345	97.081665	0.087855	97.360001
0.092548	97.153336	0.084649	97.480003
0.092908	97.110001	0.088349	97.160004
0.086966	97.300003	0.081898	97.489998
0.090829	97.166664	0.086317	97.430000
0.090577	97.230003	0.085501	97.389999
0.084095	97.351669	0.079933	97.589996
0.084675	97.373337	0.083193	97.459999
0.088211	97.348335	0.082237	97.650002
0.085304	97.370003	0.081212	97.510002
0.083389	97.403336	0.077965	97.629997
0.082486	97.400002	0.077553	97.589996
0.083630	97.338333	0.080656	97.459999
0.086094	97.376663	0.080813	97.500000
0.087257	97.343330	0.081390	97.559998
0.088237	97.238335	0.084908	97.379997
0.085296	97.361664	0.081160	97.480003
0.086361	97.291664	0.082635	97.389999
0.084985	97.378334	0.079263	97.610001
0.080329	97.491669	0.076198	97.610001
0.085534	97.448334	0.080358	97.610001
0.086316	97.349998	0.080514	97.470001
0.086798	97.349998	0.080689	97.540001
0.080092	97.541664	0.076246	97.610001
0.084601	97.478333	0.080016	97.639999
0.092378	97.311668	0.088236	97.400002
0.081496	97.574997	0.076654	97.730003
0.082132	97.519997	0.078473	97.779999
0.081526	97.551666	0.077028	97.739998
0.080197	97.618332	0.076886	97.639999
0.084609	97.540001	0.081511	97.750000
0.082716	97.431664	0.079420	97.620003
0.076238	97.608330	0.072040	97.720001
0.093121	97.281670	0.089024	97.410004
0.082255	97.529999	0.075691	97.730003
0.079442	97.565002	0.073370	97.820000
0.078573	97.593330	0.074423	97.779999
0.079014	97.580002	0.075398	97.650002
0.079300	97.660004	0.074385	97.879997
0.077575	97.638336	0.073897	97.779999
0.079157	97.611664	0.074227	97.779999
0.076285	97.676666	0.070305	97.830002
0.082520	97.426666	0.077950	97.529999
0.077327	97.601669	0.073687	97.839996
0.075483	97.629997	0.073931	97.820000
0.090503	97.214996	0.085307	97.330002
0.074538	97.730003	0.070681	97.889999
0.078196	97.629997	0.076965	97.639999
0.076108	97.616669	0.075154	97.720001
0.071501	97.826668	0.072309	97.830002
0.074840	97.751663	0.072588	97.940002
0.074721	97.730003	0.072550	97.739998
0.071984	97.776665	0.070103	97.940002
0.073594	97.771667	0.071664	97.809998
0.075740	97.738335	0.073058	97.830002
0.072956	97.788330	0.071448	97.830002
0.078789	97.589996	0.075409	97.849998
0.073996	97.753334	0.070848	97.940002
0.074873	97.790001	0.071757	97.849998
0.072102	97.834999	0.071144	97.779999
0.071725	97.781670	0.069241	97.930000
0.076899	97.618332	0.070704	97.839996
0.071535	97.860001	0.066213	98.099998
0.069881	97.855003	0.065952	97.900002
0.072633	97.816666	0.068352	97.919998
0.072818	97.798332	0.066421	97.970001
0.070695	97.901665	0.065857	97.989998
0.074826	97.769997	0.070265	97.870003
0.075459	97.735001	0.070183	97.910004
0.071566	97.870003	0.068096	97.940002
0.070268	97.843330	0.064771	97.940002
0.067766	97.980003	0.062621	98.110001
0.069235	97.858330	0.066317	97.949997
0.071197	97.851669	0.065682	98.070000
0.067301	98.001663	0.062528	98.239998
0.066022	98.006668	0.064741	98.110001
0.072637	97.864998	0.067721	98.089996
0.068671	97.846664	0.067890	98.010002
0.063830	98.033333	0.062898	98.080002
0.066209	97.993332	0.065526	98.099998
0.066215	98.033333	0.066447	98.110001
0.067647	97.953331	0.065844	98.089996
0.065934	98.001663	0.064433	98.070000
0.063940	98.059998	0.063078	98.120003
0.062264	98.076668	0.061440	98.199997
0.067102	97.949997	0.063620	98.129997
0.074600	97.741669	0.071886	97.910004
0.065614	97.983330	0.063652	98.089996
0.065434	98.010002	0.063601	98.089996
0.062382	98.084999	0.064154	98.080002
0.062844	98.099998	0.063602	98.089996
0.063707	98.084999	0.062060	98.220001
0.066412	98.046669	0.063404	98.139999
0.066315	98.004997	0.067373	98.110001
0.067915	97.985001	0.068194	97.989998
0.062607	98.073334	0.062811	98.169998
0.070692	97.878334	0.066289	98.120003
0.063217	98.014999	0.063503	98.010002
0.068447	97.936668	0.067197	98.070000
0.070358	97.978333	0.070061	98.080002
0.067639	98.008331	0.066647	98.080002
0.066264	98.018333	0.067393	98.120003
0.065394	98.051666	0.066917	98.089996
0.070703	97.898331	0.070550	98.059998
0.065664	98.031670	0.065983	98.150002
0.066827	98.023331	0.065271	98.160004
0.069733	97.971664	0.068335	98.190002
0.066199	98.000000	0.066388	98.150002
0.066010	98.023331	0.063445	98.160004
0.067441	97.983330	0.066074	98.160004
0.068762	97.989998	0.066222	98.190002
0.066229	98.028336	0.064766	98.139999
0.064903	98.055000	0.064992	98.250000
0.065489	98.106667	0.062446	98.330002
0.063098	98.129997	0.060338	98.339996
0.065305	98.041664	0.062831	98.209999
0.061181	98.151665	0.061316	98.230003
0.062285	98.098335	0.062182	98.239998
0.061155	98.118332	0.060589	98.150002
0.060880	98.131668	0.059233	98.269997
0.060977	98.161667	0.059112	98.290001
