2.184884	22.698334	2.187551	21.820000
1.781166	36.203335	1.784728	35.389999
1.265016	56.494999	1.257435	56.279999
0.746457	82.323334	0.731952	83.199997
0.575951	83.971664	0.568610	83.879997
0.481587	85.963333	0.467079	86.470001
0.370742	90.078331	0.349669	90.800003
0.355152	89.628334	0.335508	90.250000
0.316285	90.120003	0.300000	90.589996
0.311306	90.830002	0.295860	91.449997
0.282133	91.258331	0.266026	91.879997
0.290406	90.678337	0.274554	91.260002
0.294927	91.208336	0.276137	91.820000
0.279082	90.738335	0.261721	91.389999
0.257717	92.070000	0.237720	92.779999
0.265518	91.676666	0.247956	92.089996
0.283584	90.669998	0.268098	91.040001
0.243890	92.681664	0.227259	93.139999
0.246445	92.761665	0.228022	93.029999
0.228485	93.264999	0.212700	93.699997
0.218720	93.459999	0.200417	93.790001
0.177401	94.456665	0.166929	94.650002
0.202232	93.688332	0.183573	94.239998
0.206330	93.698334	0.191986	94.029999
0.199469	93.785004	0.186371	94.110001
0.182246	94.611664	0.167833	95.059998
0.181820	94.686668	0.169319	94.970001
0.189269	94.383331	0.174931	94.809998
0.178507	94.669998	0.164613	94.970001
0.171477	94.970001	0.155819	95.209999
0.158117	95.103333	0.145984	95.430000
0.176095	94.758331	0.162782	94.889999
0.159429	95.171669	0.147003	95.589996
0.160366	95.181664	0.146347	95.540001
0.210582	93.911667	0.194423	94.269997
0.167638	94.971664	0.155302	95.239998
0.150725	95.379997	0.139400	95.680000
0.168647	94.910004	0.157344	94.820000
0.142358	95.606667	0.129170	95.919998
0.144534	95.591667	0.130703	95.750000
0.126296	96.168335	0.115551	96.430000
0.131179	96.080002	0.120378	96.360001
0.149014	95.513336	0.133014	95.750000
0.140569	95.730003	0.128764	95.940002
0.139200	95.746666	0.126952	95.849998
0.136780	95.925003	0.123965	96.019997
0.127246	96.099998	0.116706	96.339996
0.121891	96.239998	0.111941	96.339996
0.136775	95.676666	0.122807	95.980003
0.150713	95.355003	0.139782	95.730003
0.139712	95.886665	0.124898	96.300003
0.136909	95.948334	0.127039	96.050003
0.122989	96.011665	0.115022	96.139999
0.160578	95.283333	0.147500	95.660004
0.126296	96.308334	0.116618	96.540001
0.125032	96.214996	0.113885	96.449997
0.124320	96.251663	0.115021	96.449997
0.124982	96.258331	0.114624	96.379997
0.115038	96.546669	0.107925	96.519997
0.114381	96.463333	0.106649	96.650002
0.119682	96.139999	0.115571	96.209999
0.111366	96.446663	0.108326	96.489998
0.118082	96.441666	0.109400	96.570000
0.114471	96.576668	0.105638	96.669998
0.118372	96.403336	0.112301	96.449997
0.114362	96.536667	0.109705	96.620003
0.129478	96.213333	0.118637	96.199997
0.121335	96.385002	0.114251	96.440002
0.126234	96.260002	0.120528	96.180000
0.128453	96.208336	0.124259	96.160004
0.124086	96.186668	0.118616	96.199997
0.107791	96.790001	0.104278	96.830002
0.123747	96.224998	0.121310	96.209999
0.117769	96.531670	0.110397	96.669998
0.129617	96.216667	0.118688	96.540001
0.129147	96.311668	0.122382	96.360001
0.112331	96.538330	0.108069	96.669998
0.112890	96.660004	0.102523	97.029999
0.100734	96.959999	0.094162	97.040001
0.105888	96.851669	0.099780	96.900002
0.103825	96.843330	0.100233	96.830002
0.109647	96.635002	0.105580	96.699997
0.120478	96.445000	0.116025	96.480003
0.124189	96.303337	0.114891	96.580002
0.121545	96.370003	0.112942	96.480003
0.108294	96.794998	0.102997	96.879997
0.099740	96.998337	0.096494	97.040001
0.109978	96.698334	0.104774	96.889999
0.108094	96.735001	0.101466	96.919998
0.119949	96.491669	0.109640	96.720001
0.108493	96.868332	0.098702	97.019997
0.101619	96.915001	0.096641	96.989998
0.141306	95.968330	0.134311	96.199997
0.106833	96.879997	0.101539	96.970001
0.106705	96.849998	0.098327	97.080002
0.105230	96.891670	0.100767	96.860001
0.107106	96.811668	0.100530	96.790001
0.097210	97.166664	0.093898	97.150002
0.111198	96.821663	0.103133	97.089996
0.098303	97.058334	0.091908	97.239998
0.093581	97.063332	0.092024	97.010002
0.103776	96.910004	0.099122	97.070000
0.109288	96.786667	0.105024	96.800003
0.127142	96.430000	0.120026	96.639999
0.102199	96.894997	0.096236	97.080002
0.104696	97.010002	0.099879	97.129997
0.102687	96.978333	0.100212	97.099998
0.100081	97.011665	0.097763	96.989998
0.107093	96.918335	0.103321	97.010002
0.095741	97.108330	0.094298	97.139999
0.089305	97.178337	0.088423	97.309998
0.093774	97.126663	0.092067	97.199997
0.087688	97.251663	0.085931	97.239998
0.099634	96.943336	0.097543	96.919998
0.105846	96.903336	0.104086	96.839996
0.093278	97.188332	0.086195	97.419998
0.133305	95.958336	0.127226	96.139999
0.092565	97.158333	0.091545	97.110001
0.105352	96.809998	0.103642	96.949997
0.112177	96.580002	0.111808	96.669998
0.096344	97.096664	0.093472	97.150002
0.098267	96.940002	0.097247	97.019997
0.106870	96.903336	0.104475	96.919998
0.103200	97.016670	0.099063	96.970001
0.092436	97.213333	0.089991	97.349998
0.092425	97.283333	0.091331	97.260002
0.094291	97.086670	0.090902	97.160004
0.100622	97.006668	0.097282	97.150002
0.084994	97.331665	0.084040	97.349998
0.087311	97.175003	0.086045	97.260002
0.083731	97.358330	0.082145	97.360001
0.098173	96.978333	0.096133	96.940002
0.089281	97.226669	0.087878	97.349998
0.086918	97.195000	0.085410	97.330002
0.085460	97.486664	0.084714	97.489998
0.095950	97.148331	0.095300	97.230003
0.078729	97.525002	0.079680	97.459999
0.077877	97.576668	0.078460	97.430000
0.079549	97.466667	0.081174	97.370003
0.080992	97.558334	0.082083	97.470001
0.081905	97.440002	0.084118	97.389999
0.089146	97.181664	0.089714	97.169998
0.074506	97.614998	0.076202	97.500000
0.082872	97.411667	0.082868	97.220001
0.091485	97.243332	0.092714	97.190002
0.089952	97.151665	0.090842	97.139999
0.074775	97.633331	0.076111	97.470001
0.083886	97.525002	0.084681	97.459999
0.076756	97.635002	0.078663	97.550003
0.083763	97.468330	0.087188	97.360001
0.082504	97.556664	0.085633	97.419998
0.072811	97.790001	0.075538	97.709999
0.080645	97.605003	0.085888	97.449997
0.065782	97.968330	0.069107	97.870003
0.079163	97.556664	0.080411	97.470001
0.093952	97.383331	0.095607	97.519997
0.078492	97.651665	0.083158	97.559998
0.075076	97.769997	0.080071	97.519997
0.080378	97.436668	0.083641	97.379997
0.088326	97.101669	0.093206	97.260002
0.085423	97.323334	0.087260	97.279999
0.075591	97.754997	0.080765	97.629997
0.074225	97.758331	0.076166	97.660004
0.075280	97.753334	0.078541	97.699997
0.086269	97.478333	0.086253	97.389999
0.088232	97.195000	0.087390	97.180000
0.069933	97.921669	0.070572	97.930000
0.080781	97.434998	0.083000	97.370003
0.070963	97.911667	0.072293	97.809998
0.080290	97.584999	0.080493	97.639999
0.066228	97.986664	0.066473	97.970001
0.067617	97.921669	0.069806	97.870003
0.069069	97.805000	0.070239	97.830002
0.071293	97.881668	0.076710	97.769997
0.063503	97.970001	0.066672	97.919998
0.067072	97.934998	0.067828	97.959999
0.069275	97.985001	0.068591	97.930000
0.078235	97.723335	0.080257	97.690002
0.075580	97.794998	0.078784	97.629997
0.074593	97.764999	0.076236	97.639999
0.074087	97.754997	0.076222	97.760002
0.075992	97.820000	0.078555	97.860001
0.064042	98.004997	0.067814	98.019997
0.074510	97.606667	0.079760	97.500000
0.069438	97.808334	0.074567	97.750000
0.072502	97.753334	0.073955	97.769997
0.061883	98.008331	0.067536	97.980003
0.068461	97.818336	0.073892	97.709999
0.066166	97.910004	0.070220	97.860001
0.074030	97.684998	0.079470	97.610001
0.079999	97.639999	0.088294	97.449997
0.072881	97.839996	0.079108	97.650002
0.075382	97.758331	0.080723	97.690002
0.076513	97.739998	0.080884	97.660004
0.063243	98.041664	0.068062	97.760002
0.078734	97.558334	0.082165	97.489998
0.074068	97.815002	0.078824	97.610001
0.074067	97.776665	0.079128	97.669998
0.067064	97.896667	0.071135	97.680000
0.082667	97.611664	0.087413	97.400002
