2.104922	19.073334	2.095338	19.420000
1.435579	65.379997	1.420760	65.639999
0.895378	76.141670	0.879528	76.860001
0.608314	83.514999	0.591443	83.930000
0.412792	88.961670	0.394779	89.430000
0.357190	89.828331	0.341188	90.190002
0.325087	90.313332	0.310869	90.699997
0.300314	91.235001	0.287964	91.639999
0.251842	92.656670	0.235502	93.120003
0.237776	92.948334	0.222563	93.489998
0.234010	93.098335	0.218297	93.570000
0.219905	93.385002	0.207324	93.720001
0.212411	93.571663	0.200912	93.690002
0.216650	93.133331	0.209938	93.169998
0.203124	93.824997	0.193844	93.989998
0.192761	94.089996	0.183054	94.290001
0.180615	94.476669	0.169871	94.779999
0.166495	94.891670	0.156842	95.239998
0.175746	94.538330	0.168588	94.629997
0.171002	94.760002	0.161097	95.070000
0.163743	94.998337	0.154475	95.199997
0.158506	95.026665	0.150856	95.160004
0.152334	95.241669	0.141913	95.440002
0.147929	95.455002	0.141704	95.699997
0.143527	95.580002	0.134856	95.699997
0.147422	95.501663	0.138423	95.720001
0.141039	95.536667	0.134736	95.629997
0.139409	95.635002	0.131927	95.940002
0.134356	95.736664	0.128653	96.010002
0.130504	95.928337	0.124762	96.080002
0.136139	95.683334	0.128651	95.870003
0.141121	95.459999	0.134263	95.760002
0.135825	95.683334	0.130598	95.830002
0.128767	95.896667	0.124531	95.980003
0.134675	95.771667	0.129297	95.860001
0.122594	96.121666	0.117097	96.349998
0.134558	95.631668	0.127750	95.709999
0.116987	96.311668	0.111088	96.419998
0.110626	96.540001	0.104554	96.800003
0.114604	96.383331	0.110249	96.540001
0.113579	96.385002	0.107848	96.639999
0.111937	96.410004	0.108634	96.589996
0.110727	96.558334	0.106674	96.750000
0.112230	96.401665	0.108151	96.580002
0.108757	96.551666	0.108126	96.680000
0.112005	96.451668	0.108780	96.699997
0.117039	96.285004	0.114135	96.449997
0.115173	96.346664	0.109984	96.730003
0.106735	96.596664	0.104638	96.709999
0.111941	96.445000	0.104767	96.440002
0.100416	96.856667	0.095735	97.059998
0.103176	96.728333	0.099158	96.779999
0.100796	96.771667	0.097319	96.910004
0.101551	96.788330	0.097385	96.820000
0.097553	96.938332	0.093382	97.029999
0.096192	97.016670	0.093495	97.150002
0.095705	96.998337	0.092537	97.059998
0.097066	96.889999	0.095104	97.029999
0.096921	96.930000	0.095032	96.980003
0.105914	96.661667	0.100050	96.639999
0.091069	97.084999	0.089897	97.070000
0.095118	96.985001	0.095190	97.029999
0.100103	96.896667	0.097777	96.940002
0.095657	96.915001	0.093383	96.910004
0.091744	97.144997	0.092588	97.029999
0.089087	97.198334	0.088045	97.110001
0.096302	97.070000	0.098848	96.879997
0.089905	97.214996	0.091442	97.099998
0.092091	97.135002	0.095884	96.959999
0.091099	97.211670	0.091711	97.199997
0.089200	97.205002	0.089952	97.190002
0.084760	97.300003	0.085978	97.169998
0.090958	97.093330	0.091289	97.099998
0.092486	97.011665	0.093050	97.059998
0.087128	97.279999	0.085621	97.320000
0.083129	97.443336	0.081821	97.379997
0.089101	97.195000	0.089916	97.230003
0.084848	97.360001	0.087138	97.290001
0.088566	97.281670	0.091441	97.320000
0.085569	97.313332	0.085533	97.290001
0.084808	97.361664	0.084922	97.339996
0.083344	97.331665	0.083754	97.250000
0.085119	97.318336	0.086286	97.239998
0.085132	97.379997	0.088379	97.279999
0.087855	97.315002	0.088753	97.250000
0.084898	97.423332	0.084303	97.419998
0.084381	97.386665	0.084696	97.360001
0.082325	97.528336	0.080103	97.559998
0.088928	97.233330	0.089797	97.190002
0.079005	97.574997	0.080031	97.519997
0.086241	97.370003	0.084753	97.269997
0.086647	97.324997	0.084518	97.419998
0.083371	97.398331	0.084545	97.220001
0.078858	97.511665	0.078286	97.449997
0.075938	97.635002	0.075615	97.540001
0.081200	97.443336	0.080618	97.449997
0.080922	97.461670	0.081865	97.449997
0.083605	97.411667	0.081137	97.389999
0.077939	97.603333	0.076331	97.449997
0.081286	97.510002	0.078447	97.449997
0.081873	97.510002	0.079526	97.529999
0.078108	97.595001	0.077685	97.559998
0.076948	97.621666	0.076858	97.529999
0.074328	97.646667	0.074433	97.559998
0.074446	97.680000	0.076163	97.589996
0.073537	97.761665	0.076387	97.650002
0.073133	97.718330	0.073005	97.599998
0.076641	97.620003	0.076199	97.559998
0.071017	97.761665	0.073014	97.629997
0.086831	97.383331	0.089626	97.349998
0.070864	97.839996	0.072472	97.699997
0.072499	97.790001	0.077223	97.690002
0.074639	97.693336	0.079837	97.510002
0.078712	97.558334	0.077776	97.589996
0.073780	97.684998	0.074019	97.699997
0.073333	97.771667	0.074583	97.680000
0.072971	97.788330	0.072752	97.720001
0.071955	97.779999	0.074660	97.709999
0.071319	97.778336	0.073172	97.760002
0.067733	97.913330	0.070498	97.820000
0.075000	97.728333	0.073165	97.720001
0.073547	97.823334	0.072301	97.760002
0.067580	97.879997	0.069785	97.730003
0.069345	97.870003	0.072745	97.830002
0.070248	97.838333	0.073040	97.809998
0.070298	97.864998	0.070785	97.809998
0.076807	97.656670	0.076835	97.589996
0.079280	97.573334	0.078159	97.540001
0.065329	97.976669	0.066758	97.860001
0.065852	97.943336	0.068896	97.910004
0.067936	97.875000	0.071119	97.839996
0.068646	97.919998	0.069277	97.959999
0.066882	97.961670	0.066635	98.050003
0.067256	97.894997	0.065984	98.029999
0.078610	97.643333	0.077820	97.589996
0.071480	97.879997	0.071196	97.779999
0.078932	97.676666	0.078224	97.639999
0.070095	97.875000	0.070188	97.790001
0.066836	97.956665	0.066123	97.919998
0.071150	97.860001	0.071394	97.809998
0.067567	97.989998	0.065727	98.040001
0.064341	98.031670	0.064072	97.930000
0.066907	97.916664	0.067470	97.879997
0.069860	97.891670	0.067728	97.830002
0.064329	98.029999	0.061610	98.089996
0.069205	97.883331	0.068935	97.879997
0.065505	98.001663	0.066854	97.879997
0.070190	97.881668	0.067865	97.919998
0.070648	97.875000	0.067410	97.970001
0.065729	97.970001	0.066563	97.989998
0.066272	97.981667	0.065286	98.040001
0.061009	98.101669	0.060730	98.050003
0.060658	98.106667	0.061119	98.099998
0.065617	98.036667	0.063254	98.059998
0.059695	98.135002	0.057719	98.220001
0.071591	97.870003	0.070240	97.750000
0.065082	98.089996	0.063675	98.080002
0.071949	97.881668	0.070767	97.750000
0.062852	98.078331	0.062243	98.150002
0.059724	98.116669	0.057602	98.180000
0.063075	98.086670	0.060516	98.239998
0.061604	98.136665	0.062612	98.209999
0.065016	98.044998	0.064637	97.959999
0.069953	97.926666	0.069697	97.919998
0.064730	98.113335	0.064323	98.059998
0.065549	98.050003	0.062510	98.139999
0.063900	98.025002	0.059976	98.000000
0.061454	98.076668	0.060273	98.050003
0.061837	98.081665	0.061759	98.040001
0.063980	98.083336	0.064589	97.970001
0.058931	98.165001	0.059588	98.019997
0.065405	98.000000	0.067332	97.980003
0.060162	98.135002	0.060627	98.099998
0.066411	98.004997	0.067421	97.879997
0.061997	98.066666	0.062717	98.070000
0.065140	98.050003	0.061839	98.059998
0.064225	98.086670	0.062972	98.169998
0.062943	98.048332	0.060990	98.019997
0.060282	98.111664	0.059403	98.120003
0.061156	98.126663	0.060852	98.070000
0.058614	98.206665	0.060539	98.050003
0.065916	98.028336	0.066757	98.040001
0.063701	98.061668	0.064956	98.080002
0.061118	98.114998	0.061743	97.959999
0.057790	98.193336	0.059478	98.059998
0.061751	98.186668	0.062388	98.110001
0.060293	98.144997	0.063540	98.029999
0.061355	98.173332	0.062566	98.150002
0.063842	98.114998	0.065985	98.000000
0.062174	98.165001	0.062807	98.139999
0.063239	98.123337	0.062891	98.139999
0.066524	97.970001	0.069435	97.919998
0.058390	98.233330	0.061087	98.169998
0.058930	98.173332	0.059756	98.129997
0.059956	98.178337	0.062874	98.070000
0.061152	98.160004	0.064991	98.019997
0.060857	98.141670	0.064130	98.110001
0.061196	98.141670	0.063617	98.089996
0.058628	98.223335	0.061272	98.160004
0.054906	98.356667	0.058762	98.199997
